F
[2,1]
[ 0, 2, 2, 2, 2, 2, 2 ]
[ 2, 2, 2, 2, 2, 2 ]
[ "2A", "2A", "2A", "2A", "2A", "2A" ]
[ 1, 1 ]
[ 1, 1 ]
[ 1, 1 ]
[ [ 2, 1, 2 ] ]
[ 1, 1, 1, 1, 1, 1 ]
[ [ 2, 1 ], [ 2, 1 ], [ 2, 1 ], [ 2, 1 ], [ 2, 1 ], [ 2, 1 ] ]
[ "a", "a", "a", "a", "a", "a" ]
2T1
2
HY
[ 2, 1 ]
1
[ "y^2=x(x^{4}+a_{1}x^{3}+a_{2}x^{2}+a_{3}x + 1)" ]
CN
N/A
N/A
@
F
[4,2]
[ 0, 2, 2, 2, 2, 2 ]
[ 2, 3, 3, 3, 4 ]
[ "2C", "2A", "2A", "2A", "2B" ]
[ 1, 1 ]
[ 1, 1 ]
[ 1, 1 ]
[ [ 1, 1, 3 ], [ 1, 1, 4 ] ]
[ 7, 23, 23, 23, 16 ]
[ [ 2, 1, 4, 3 ], [ 4, 3, 2, 1 ], [ 4, 3, 2, 1 ], [ 4, 3, 2, 1 ], [ 3, 4, 1, 2 ] ]
[ "b", "a", "a", "a", "ba" ]
4T2
4
HY
[ 4, 3, 2, 1 ]
23
[ "y^2=x^{6}+a_{1}x^{4}+a_{2}x^{2}+1", "y^2=x(x^2+a_{1}x+1)(x^2+a_{2}x+1)" ]
CN
N/A
N/A
@
F
[4,2]
[ 0, 2, 2, 2, 2, 2 ]
[ 2, 3, 4, 4, 4 ]
[ "2C", "2A", "2B", "2B", "2B" ]
[ 2, 1 ]
[ 2, 1 ]
[ 1, 1 ]
[ [ 1, 1, 2 ], [ 1, 1, 3 ] ]
[ 7, 23, 16, 16, 16 ]
[ [ 2, 1, 4, 3 ], [ 4, 3, 2, 1 ], [ 3, 4, 1, 2 ], [ 3, 4, 1, 2 ], [ 3, 4, 1, 2 ] ]
[ "b", "a", "ba", "ba", "ba" ]
4T2
4
HY
[ 3, 4, 1, 2 ]
16
[ "y^2=x^{6}+a_{1}x^{4}+a_{2}x^{2}+1", "y^2=x(x^2+a_{1}x+1)(x^2+a_{2}x+1)" ]
CN
N/A
N/A
@
F
[4,2]
[ 0, 2, 2, 2, 2, 2 ]
[ 2, 2, 2, 3, 4 ]
[ "2C", "2C", "2C", "2A", "2B" ]
[ 3, 1 ]
[ 3, 1 ]
[ 1, 1 ]
[ [ 1, 1, 2 ], [ 1, 1, 4 ] ]
[ 7, 7, 7, 23, 16 ]
[ [ 2, 1, 4, 3 ], [ 2, 1, 4, 3 ], [ 2, 1, 4, 3 ], [ 4, 3, 2, 1 ], [ 3, 4, 1, 2 ] ]
[ "b", "b", "b", "a", "ba" ]
4T2
4
HY
[ 2, 1, 4, 3 ]
7
[ "y^2=x^{6}+a_{1}x^{4}+a_{2}x^{2}+1", "y^2=x(x^2+a_{1}x+1)(x^2+a_{2}x+1)" ]
CN
N/A
N/A
@
F
[8,3]
[ 0, 2, 2, 2, 4 ]
[ 2, 3, 4, 5 ]
[ "2A", "2B", "2C", "4A" ]
[ 1, 1 ]
[ 1, 1 ]
[ 1, 1 ]
[ [ 1, 2, 5 ] ]
[ 16, 14, 23, 9 ]
[ [ 3, 4, 1, 2 ], [ 3, 2, 1, 4 ], [ 4, 3, 2, 1 ], [ 2, 3, 4, 1 ] ]
[ "b^-2", "b^-2a", "b^-1a", "b" ]
4T3
4
HY
[ 3, 4, 1, 2 ]
16
[ "y^2=x(x^{4}+a_{1}x^{2}+1)", "y^2=(x^{2}-1)(x^{4}+a_{1}x^{2}+1)" ]
CN
N/A
N/A
@
F
[10,2]
[ 0, 2, 5, 10 ]
[ 2, 3, 8 ]
[ "2A", "5A1", "10A-3" ]
[ 1, 1 ]
[ 1, 1 ]
[ 1, 1 ]
[ [ 2, 1, 4 ] ]
[ 2045400, 818224, 1227330 ]
[ [ 6, 7, 8, 9, 10, 1, 2, 3, 4, 5 ], [ 3, 4, 5, 6, 7, 8, 9, 10, 1, 2 ], [ 4, 5, 6, 7, 8, 9, 10, 1, 2, 3 ] ]
[ "a^5", "a^8", "a^7" ]
10T1
10
HY
[ 6, 7, 8, 9, 10, 1, 2, 3, 4, 5 ]
2045400
[ "y^2=x^{5}+1" ]
CN
N/A
N/A
@
F
[10,2]
[ 0, 2, 5, 10 ]
[ 2, 4, 7 ]
[ "2A", "5A-1", "10A-1" ]
[ 2, 1 ]
[ 2, 1 ]
[ 1, 1 ]
[ [ 2, 1, 4 ] ]
[ 2045400, 1636416, 409113 ]
[ [ 6, 7, 8, 9, 10, 1, 2, 3, 4, 5 ], [ 5, 6, 7, 8, 9, 10, 1, 2, 3, 4 ], [ 2, 3, 4, 5, 6, 7, 8, 9, 10, 1 ] ]
[ "a^5", "a^6", "a^9" ]
10T1
10
HY
[ 6, 7, 8, 9, 10, 1, 2, 3, 4, 5 ]
2045400
[ "y^2=x^{5}+1" ]
CN
N/A
N/A
@
F
[10,2]
[ 0, 2, 5, 10 ]
[ 2, 5, 10 ]
[ "2A", "5A2", "10A1" ]
[ 3, 1 ]
[ 3, 1 ]
[ 1, 1 ]
[ [ 2, 1, 4 ] ]
[ 2045400, 2453760, 3265920 ]
[ [ 6, 7, 8, 9, 10, 1, 2, 3, 4, 5 ], [ 7, 8, 9, 10, 1, 2, 3, 4, 5, 6 ], [ 10, 1, 2, 3, 4, 5, 6, 7, 8, 9 ] ]
[ "a^5", "a^4", "a" ]
10T1
10
HY
[ 6, 7, 8, 9, 10, 1, 2, 3, 4, 5 ]
2045400
[ "y^2=x^{5}+1" ]
CN
N/A
N/A
@
F
[10,2]
[ 0, 2, 5, 10 ]
[ 2, 6, 9 ]
[ "2A", "5A-2", "10A3" ]
[ 4, 1 ]
[ 4, 1 ]
[ 1, 1 ]
[ [ 2, 1, 4 ] ]
[ 2045400, 3225600, 2857680 ]
[ [ 6, 7, 8, 9, 10, 1, 2, 3, 4, 5 ], [ 9, 10, 1, 2, 3, 4, 5, 6, 7, 8 ], [ 8, 9, 10, 1, 2, 3, 4, 5, 6, 7 ] ]
[ "a^5", "a^2", "a^3" ]
10T1
10
HY
[ 6, 7, 8, 9, 10, 1, 2, 3, 4, 5 ]
2045400
[ "y^2=x^{5}+1" ]
CN
N/A
N/A
@
F
[12,4]
[ 0, 2, 2, 2, 3 ]
[ 2, 3, 4, 5 ]
[ "2A", "2C", "2B", "3A" ]
[ 1, 1 ]
[ 1, 1 ]
[ 1, 1 ]
[ [ 1, 2, 6 ] ]
[ 450, 415, 566, 304 ]
[ [ 4, 5, 6, 1, 2, 3 ], [ 4, 3, 2, 1, 6, 5 ], [ 5, 4, 3, 2, 1, 6 ], [ 3, 4, 5, 6, 1, 2 ] ]
[ "b^3", "a", "ba", "b^2" ]
6T3
6
HY
[ 4, 5, 6, 1, 2, 3 ]
450
[ "y^2=x^{6}+a_1x^{3}+1" ]
CN
N/A
N/A
@
F
[24,8]
[ 0, 2, 4, 6 ]
[ 4, 6, 8 ]
[ "2C", "4A", "6B1" ]
[ 1, 1 ]
[ 1, 1 ]
[ 1, 1 ]
[ [ 1, 2, 8 ] ]
[ 435046886, 368704995, 289374683 ]
[ [ 11, 10, 9, 8, 7, 6, 5, 4, 3, 2, 1, 12 ], [ 10, 3, 8, 1, 6, 11, 4, 9, 2, 7, 12, 5 ], [ 8, 3, 10, 5, 12, 7, 2, 9, 4, 11, 6, 1 ] ]
[ "c^4ba", "c^3a", "cb" ]
12T13
12
HY
[ 7, 8, 9, 10, 11, 12, 1, 2, 3, 4, 5, 6 ]
263727360
[ "y^2=x^{6}-1" ]
CN
N/A
N/A
@
F
[24,8]
[ 0, 2, 4, 6 ]
[ 4, 6, 7 ]
[ "2C", "4A", "6B-1" ]
[ 2, 1 ]
[ 2, 1 ]
[ 1, 1 ]
[ [ 1, 2, 8 ] ]
[ 435046886, 145713396, 66341893 ]
[ [ 11, 10, 9, 8, 7, 6, 5, 4, 3, 2, 1, 12 ], [ 4, 9, 2, 7, 12, 5, 10, 3, 8, 1, 6, 11 ], [ 2, 9, 4, 11, 6, 1, 8, 3, 10, 5, 12, 7 ] ]
[ "c^4ba", "c^3ba", "c" ]
12T13
12
HY
[ 7, 8, 9, 10, 11, 12, 1, 2, 3, 4, 5, 6 ]
263727360
[ "y^2=x^{6}-1" ]
CN
N/A
N/A
@
F
[48,29]
[ 0, 2, 3, 8 ]
[ 3, 4, 7 ]
[ "2B", "3A", "8A1" ]
[ 1, 1 ]
[ 1, 1 ]
[ 1, 1 ]
[ [ 1, 2, 4 ] ]
[ 5558, 4838, 5913 ]
[ [ 2, 1, 7, 4, 6, 5, 3, 8 ], [ 1, 8, 6, 3, 5, 4, 2, 7 ], [ 2, 3, 4, 5, 6, 7, 8, 1 ] ]
[ "c^-1ba", "b^2", "c^-1a" ]
8T23
8
HY
[ 5, 6, 7, 8, 1, 2, 3, 4 ]
23616
[ "y^2=x(x^4-1)" ]
CN
N/A
N/A
@
F
[48,29]
[ 0, 2, 3, 8 ]
[ 3, 4, 8 ]
[ "2B", "3A", "8A-1" ]
[ 2, 1 ]
[ 2, 1 ]
[ 1, 1 ]
[ [ 1, 2, 4 ] ]
[ 5558, 3927, 9838 ]
[ [ 2, 1, 7, 4, 6, 5, 3, 8 ], [ 1, 7, 4, 6, 5, 3, 8, 2 ], [ 2, 8, 5, 7, 6, 4, 1, 3 ] ]
[ "c^-1ba", "b", "c^-1b^2a" ]
8T23
8
HY
[ 5, 6, 7, 8, 1, 2, 3, 4 ]
23616
[ "y^2=x(x^4-1)" ]
CN
N/A
N/A
@
NF
[4,1]
[ 0, 2, 2, 4, 4 ]
[ 2, 2, 3, 4 ]
[ "2A", "2A", "4A1", "4A-1" ]
[ 1, 1 ]
[ 1, 1 ]
[ 1, 1 ]
[ [ 2, 1, 2 ] ]
[ 16, 16, 9, 18 ]
[ [ 3, 4, 1, 2 ], [ 3, 4, 1, 2 ], [ 2, 3, 4, 1 ], [ 4, 1, 2, 3 ] ]
[ "a^-2", "a^-2", "a", "a^-1" ]
4T1
4
[8,3]
[ 0, 2, 2, 2, 4 ]
@
NF
[5,1]
[ 0, 5, 5, 5 ]
[ 2, 2, 4 ]
[ "5A-1", "5A-1", "5A2" ]
[ 1, 1 ]
[ 1, 1 ]
[ 1, 1 ]
[ [ 2, 1, 2 ] ]
[ 33, 33, 90 ]
[ [ 2, 3, 4, 5, 1 ], [ 2, 3, 4, 5, 1 ], [ 4, 5, 1, 2, 3 ] ]
[ "a", "a", "a^3" ]
5T1
5
[10,2]
[ 0, 2, 5, 10 ]
@
NF
[5,1]
[ 0, 5, 5, 5 ]
[ 2, 3, 3 ]
[ "5A-1", "5A-2", "5A-2" ]
[ 2, 1 ]
[ 2, 1 ]
[ 1, 1 ]
[ [ 2, 1, 2 ] ]
[ 33, 64, 64 ]
[ [ 2, 3, 4, 5, 1 ], [ 3, 4, 5, 1, 2 ], [ 3, 4, 5, 1, 2 ] ]
[ "a", "a^2", "a^2" ]
5T1
5
[10,2]
[ 0, 2, 5, 10 ]
@
NF
[5,1]
[ 0, 5, 5, 5 ]
[ 4, 4, 5 ]
[ "5A2", "5A2", "5A1" ]
[ 3, 1 ]
[ 3, 1 ]
[ 1, 1 ]
[ [ 2, 1, 2 ] ]
[ 90, 90, 96 ]
[ [ 4, 5, 1, 2, 3 ], [ 4, 5, 1, 2, 3 ], [ 5, 1, 2, 3, 4 ] ]
[ "a^3", "a^3", "a^4" ]
5T1
5
[10,2]
[ 0, 2, 5, 10 ]
@
NF
[5,1]
[ 0, 5, 5, 5 ]
[ 3, 5, 5 ]
[ "5A-2", "5A1", "5A1" ]
[ 4, 1 ]
[ 4, 1 ]
[ 1, 1 ]
[ [ 2, 1, 2 ] ]
[ 64, 96, 96 ]
[ [ 3, 4, 5, 1, 2 ], [ 5, 1, 2, 3, 4 ], [ 5, 1, 2, 3, 4 ] ]
[ "a^2", "a^4", "a^4" ]
5T1
5
[10,2]
[ 0, 2, 5, 10 ]
@
NF
[6,2]
[ 0, 3, 6, 6 ]
[ 3, 6, 6 ]
[ "3A1", "6A-1", "6A-1" ]
[ 1, 1 ]
[ 1, 1 ]
[ 1, 1 ]
[ [ 1, 1, 3 ], [ 1, 1, 4 ] ]
[ 304, 600, 600 ]
[ [ 3, 4, 5, 6, 1, 2 ], [ 6, 1, 2, 3, 4, 5 ], [ 6, 1, 2, 3, 4, 5 ] ]
[ "a^4", "a", "a" ]
6T1
6
[24,8]
[ 0, 2, 4, 6 ]
@
NF
[6,2]
[ 0, 3, 6, 6 ]
[ 4, 5, 5 ]
[ "3A-1", "6A1", "6A1" ]
[ 2, 1 ]
[ 2, 1 ]
[ 1, 1 ]
[ [ 1, 1, 3 ], [ 1, 1, 4 ] ]
[ 576, 153, 153 ]
[ [ 5, 6, 1, 2, 3, 4 ], [ 2, 3, 4, 5, 6, 1 ], [ 2, 3, 4, 5, 6, 1 ] ]
[ "a^2", "a^5", "a^5" ]
6T1
6
[24,8]
[ 0, 2, 4, 6 ]
@
NF
[6,1]
[ 0, 2, 2, 3, 3 ]
[ 2, 2, 3, 3 ]
[ "2A", "2A", "3A", "3A" ]
[ 1, 1 ]
[ 1, 1 ]
[ 1, 1 ]
[ [ 1, 2, 3 ] ]
[ 2, 1, 4, 4 ]
[ [ 2, 1, 3 ], [ 1, 3, 2 ], [ 3, 1, 2 ], [ 3, 1, 2 ] ]
[ "ba", "a", "b^2", "b^2" ]
3T2
3
[12,4]
[ 0, 2, 2, 2, 3 ]
@
NF
[6,1]
[ 0, 2, 2, 3, 3 ]
[ 2, 2, 3, 3 ]
[ "2A", "2A", "3A", "3A" ]
[ 1, 2 ]
[ 1, 1 ]
[ 1, 1 ]
[ [ 1, 2, 3 ] ]
[ 2, 2, 3, 4 ]
[ [ 2, 1, 3 ], [ 2, 1, 3 ], [ 2, 3, 1 ], [ 3, 1, 2 ] ]
[ "ba", "ba", "b", "b^2" ]
3T2
3
[12,4]
[ 0, 2, 2, 2, 3 ]
@
NF
[6,2]
[ 0, 2, 2, 3, 3 ]
[ 2, 2, 3, 4 ]
[ "2A", "2A", "3A1", "3A-1" ]
[ 1, 1 ]
[ 1, 1 ]
[ 1, 1 ]
[ [ 2, 1, 4 ] ]
[ 450, 450, 304, 576 ]
[ [ 4, 5, 6, 1, 2, 3 ], [ 4, 5, 6, 1, 2, 3 ], [ 3, 4, 5, 6, 1, 2 ], [ 5, 6, 1, 2, 3, 4 ] ]
[ "a^3", "a^3", "a^4", "a^2" ]
6T1
6
[12,4]
[ 0, 2, 2, 2, 3 ]
@
NF
[8,4]
[ 0, 4, 4, 4 ]
[ 3, 4, 5 ]
[ "4A", "4B", "4C" ]
[ 1, 1 ]
[ 1, 1 ]
[ 1, 1 ]
[ [ 2, 1, 5 ] ]
[ 6425, 34348, 19255 ]
[ [ 2, 3, 8, 5, 6, 7, 4, 1 ], [ 7, 6, 5, 2, 1, 8, 3, 4 ], [ 4, 7, 6, 3, 2, 1, 8, 5 ] ]
[ "b", "a", "ba" ]
8T5
8
[48,29]
[ 0, 2, 3, 8 ]
@
NF
[8,1]
[ 0, 2, 8, 8 ]
[ 2, 7, 8 ]
[ "2A", "8A-1", "8A-3" ]
[ 1, 1 ]
[ 1, 1 ]
[ 1, 1 ]
[ [ 2, 1, 2 ] ]
[ 23616, 29400, 35280 ]
[ [ 5, 6, 7, 8, 1, 2, 3, 4 ], [ 6, 7, 8, 1, 2, 3, 4, 5 ], [ 8, 1, 2, 3, 4, 5, 6, 7 ] ]
[ "a^-4", "a^-3", "a^-1" ]
8T1
8
[48,29]
[ 0, 2, 3, 8 ]
@
NF
[8,1]
[ 0, 2, 8, 8 ]
[ 2, 5, 6 ]
[ "2A", "8A3", "8A1" ]
[ 2, 1 ]
[ 2, 1 ]
[ 1, 1 ]
[ [ 2, 1, 2 ] ]
[ 23616, 5913, 17730 ]
[ [ 5, 6, 7, 8, 1, 2, 3, 4 ], [ 2, 3, 4, 5, 6, 7, 8, 1 ], [ 4, 5, 6, 7, 8, 1, 2, 3 ] ]
[ "a^-4", "a", "a^3" ]
8T1
8
[48,29]
[ 0, 2, 3, 8 ]
@
NF
[12,1]
[ 0, 3, 4, 4 ]
[ 3, 4, 5 ]
[ "3A", "4A-1", "4A1" ]
[ 1, 1 ]
[ 1, 1 ]
[ 1, 1 ]
[ [ 2, 1, 5 ] ]
[ 175818816, 281164389, 368704995 ]
[ [ 5, 6, 7, 8, 9, 10, 11, 12, 1, 2, 3, 4 ], [ 8, 1, 6, 11, 4, 9, 2, 7, 12, 5, 10, 3 ], [ 10, 3, 8, 1, 6, 11, 4, 9, 2, 7, 12, 5 ] ]
[ "b^2", "a", "ba^-1" ]
12T5
12
[24,8]
[ 0, 2, 4, 6 ]
@
NF
[12,5]
[ 0, 2, 6, 6 ]
[ 2, 9, 12 ]
[ "2A", "6A-1", "6C1" ]
[ 1, 1 ]
[ 1, 1 ]
[ 1, 1 ]
[ [ 1, 1, 7 ], [ 1, 1, 8 ] ]
[ 377242909, 435456000, 461477173 ]
[ [ 10, 5, 12, 7, 2, 9, 4, 11, 6, 1, 8, 3 ], [ 11, 12, 1, 2, 3, 4, 5, 6, 7, 8, 9, 10 ], [ 12, 7, 2, 9, 4, 11, 6, 1, 8, 3, 10, 5 ] ]
[ "b^3", "b^4a", "b^5a" ]
12T2
12
[24,8]
[ 0, 2, 4, 6 ]
@
NF
[12,5]
[ 0, 2, 6, 6 ]
[ 2, 10, 11 ]
[ "2A", "6B-1", "6C-1" ]
[ 2, 1 ]
[ 2, 1 ]
[ 1, 1 ]
[ [ 1, 1, 7 ], [ 1, 1, 8 ] ]
[ 377242909, 87909424, 289374683 ]
[ [ 10, 5, 12, 7, 2, 9, 4, 11, 6, 1, 8, 3 ], [ 3, 4, 5, 6, 7, 8, 9, 10, 11, 12, 1, 2 ], [ 8, 3, 10, 5, 12, 7, 2, 9, 4, 11, 6, 1 ] ]
[ "b^3", "b^2a", "ba" ]
12T2
12
[24,8]
[ 0, 2, 4, 6 ]
@
NF
[12,5]
[ 0, 2, 6, 6 ]
[ 3, 8, 11 ]
[ "2B", "6A1", "6C-1" ]
[ 3, 1 ]
[ 3, 1 ]
[ 1, 1 ]
[ [ 1, 1, 6 ], [ 1, 1, 8 ] ]
[ 263727360, 201466010, 289374683 ]
[ [ 7, 8, 9, 10, 11, 12, 1, 2, 3, 4, 5, 6 ], [ 6, 1, 8, 3, 10, 5, 12, 7, 2, 9, 4, 11 ], [ 8, 3, 10, 5, 12, 7, 2, 9, 4, 11, 6, 1 ] ]
[ "a", "b^5", "ba" ]
12T2
12
[24,8]
[ 0, 2, 4, 6 ]
@
NF
[12,5]
[ 0, 2, 6, 6 ]
[ 3, 7, 12 ]
[ "2B", "6B1", "6C1" ]
[ 4, 1 ]
[ 4, 1 ]
[ 1, 1 ]
[ [ 1, 1, 6 ], [ 1, 1, 8 ] ]
[ 263727360, 66341893, 461477173 ]
[ [ 7, 8, 9, 10, 11, 12, 1, 2, 3, 4, 5, 6 ], [ 2, 9, 4, 11, 6, 1, 8, 3, 10, 5, 12, 7 ], [ 12, 7, 2, 9, 4, 11, 6, 1, 8, 3, 10, 5 ] ]
[ "a", "b", "b^5a" ]
12T2
12
[24,8]
[ 0, 2, 4, 6 ]
@
NF
[12,5]
[ 0, 2, 6, 6 ]
[ 4, 8, 9 ]
[ "2C", "6A1", "6A-1" ]
[ 5, 1 ]
[ 5, 1 ]
[ 1, 1 ]
[ [ 1, 1, 6 ], [ 1, 1, 7 ] ]
[ 153882524, 201466010, 435456000 ]
[ [ 4, 11, 6, 1, 8, 3, 10, 5, 12, 7, 2, 9 ], [ 6, 1, 8, 3, 10, 5, 12, 7, 2, 9, 4, 11 ], [ 11, 12, 1, 2, 3, 4, 5, 6, 7, 8, 9, 10 ] ]
[ "b^3a", "b^5", "b^4a" ]
12T2
12
[24,8]
[ 0, 2, 4, 6 ]
@
NF
[12,5]
[ 0, 2, 6, 6 ]
[ 4, 7, 10 ]
[ "2C", "6B1", "6B-1" ]
[ 6, 1 ]
[ 6, 1 ]
[ 1, 1 ]
[ [ 1, 1, 6 ], [ 1, 1, 7 ] ]
[ 153882524, 66341893, 87909424 ]
[ [ 4, 11, 6, 1, 8, 3, 10, 5, 12, 7, 2, 9 ], [ 2, 9, 4, 11, 6, 1, 8, 3, 10, 5, 12, 7 ], [ 3, 4, 5, 6, 7, 8, 9, 10, 11, 12, 1, 2 ] ]
[ "b^3a", "b", "b^2a" ]
12T2
12
[24,8]
[ 0, 2, 4, 6 ]
@
NF
[24,3]
[ 0, 3, 3, 4 ]
[ 3, 4, 5 ]
[ "3A-1", "3A1", "4A" ]
[ 1, 1 ]
[ 1, 1 ]
[ 1, 1 ]
[ [ 2, 1, 4 ] ]
[ 6611, 4838, 18909 ]
[ [ 2, 4, 3, 1, 6, 8, 7, 5 ], [ 1, 8, 6, 3, 5, 4, 2, 7 ], [ 4, 7, 2, 5, 8, 3, 6, 1 ] ]
[ "ca^2", "a", "cb" ]
8T12
8
[48,29]
[ 0, 2, 3, 8 ]
@
NF
[2,1]
[ 1, 2, 2 ]
[ 2, 2 ]
[ "2A", "2A" ]
[ 1, 1 ]
[ 0, 0 ]
[ 0, 0 ]
[ [ 1, 1, 1 ], [ 1, 1, 2 ] ]
[ 1, 0, 1, 1 ]
[ [ 2, 1 ], [ 1, 2 ], [ 2, 1 ], [ 2, 1 ] ]
[ "a", "Id(G)", "a", "a" ]
2T1
2
[4,2]
[ 0, 2, 2, 2, 2, 2 ]
@
NF
[3,1]
[ 0, 3, 3, 3, 3 ]
[ 2, 2, 3, 3 ]
[ "3A-1", "3A-1", "3A1", "3A1" ]
[ 1, 1 ]
[ 1, 1 ]
[ 1, 1 ]
[ [ 2, 1, 2 ] ]
[ 3, 3, 4, 4 ]
[ [ 2, 3, 1 ], [ 2, 3, 1 ], [ 3, 1, 2 ], [ 3, 1, 2 ] ]
[ "a", "a", "a^2", "a^2" ]
3T1
3
[12,4]
[ 0, 2, 2, 2, 3 ]
@
NF
[16,8]
[ 0, 2, 4, 8 ]
[ 3, 5, 7 ]
[ "2B", "4B", "8A1" ]
[ 1, 1 ]
[ 1, 1 ]
[ 1, 1 ]
[ [ 1, 2, 6 ] ]
[ 31426, 7836, 29400 ]
[ [ 7, 2, 5, 8, 3, 6, 1, 4 ], [ 2, 5, 8, 3, 6, 1, 4, 7 ], [ 6, 7, 8, 1, 2, 3, 4, 5 ] ]
[ "b^-2a", "ba", "b^-3" ]
8T8
8
[48,29]
[ 0, 2, 3, 8 ]
@
NF
[16,8]
[ 0, 2, 4, 8 ]
[ 3, 5, 6 ]
[ "2B", "4B", "8A-1" ]
[ 2, 1 ]
[ 2, 1 ]
[ 1, 1 ]
[ [ 1, 2, 6 ] ]
[ 31426, 25515, 5913 ]
[ [ 7, 2, 5, 8, 3, 6, 1, 4 ], [ 6, 1, 4, 7, 2, 5, 8, 3 ], [ 2, 3, 4, 5, 6, 7, 8, 1 ] ]
[ "b^-2a", "b^-3a", "b" ]
8T8
8
[48,29]
[ 0, 2, 3, 8 ]
@
