F
[2,1]
[ 0, 2, 2, 2, 2, 2, 2, 2, 2 ]
[ 2, 2, 2, 2, 2, 2, 2, 2 ]
[ "2A", "2A", "2A", "2A", "2A", "2A", "2A", "2A" ]
[ 1, 1 ]
[ 1, 1 ]
[ 1, 1 ]
[ [ 3, 1, 2 ] ]
[ 1, 1, 1, 1, 1, 1, 1, 1 ]
[ [ 2, 1 ], [ 2, 1 ], [ 2, 1 ], [ 2, 1 ], [ 2, 1 ], [ 2, 1 ], [ 2, 1 ], [ 2, 1 ] ]
[ "a", "a", "a", "a", "a", "a", "a", "a" ]
HY
[ 2, 1 ]
1
[ "y^2=x(x^{6}+a_{1}x^{5}+a_{2}x^{4}+a_{3}x^{3}+a_{4}x^{2}+a_{5}x + 1)" ]
CN
N/A
N/A
@
F
[3,1]
[ 0, 3, 3, 3, 3, 3 ]
[ 2, 3, 3, 3, 3 ]
[ "3A-1", "3A1", "3A1", "3A1", "3A1" ]
[ 1, 1 ]
[ 1, 1 ]
[ 1, 1 ]
[ [ 3, 1, 2 ] ]
[ 3, 4, 4, 4, 4 ]
[ [ 2, 3, 1 ], [ 3, 1, 2 ], [ 3, 1, 2 ], [ 3, 1, 2 ], [ 3, 1, 2 ] ]
[ "a", "a^2", "a^2", "a^2", "a^2" ]
HN
N/A
N/A
N/A
CY
[ 2, 3, 1 ]
3
@
F
[3,1]
[ 0, 3, 3, 3, 3, 3 ]
[ 2, 2, 2, 2, 3 ]
[ "3A-1", "3A-1", "3A-1", "3A-1", "3A1" ]
[ 2, 1 ]
[ 2, 1 ]
[ 1, 1 ]
[ [ 3, 1, 2 ] ]
[ 3, 3, 3, 3, 4 ]
[ [ 2, 3, 1 ], [ 2, 3, 1 ], [ 2, 3, 1 ], [ 2, 3, 1 ], [ 3, 1, 2 ] ]
[ "a", "a", "a", "a", "a^2" ]
HN
N/A
N/A
N/A
CY
[ 2, 3, 1 ]
3
@
F
[4,1]
[ 0, 2, 2, 2, 4, 4 ]
[ 2, 2, 2, 3, 3 ]
[ "2A", "2A", "2A", "4A1", "4A1" ]
[ 1, 1 ]
[ 1, 1 ]
[ 1, 1 ]
[ [ 3, 1, 2 ] ]
[ 16, 16, 16, 9, 9 ]
[ [ 3, 4, 1, 2 ], [ 3, 4, 1, 2 ], [ 3, 4, 1, 2 ], [ 2, 3, 4, 1 ], [ 2, 3, 4, 1 ] ]
[ "a^-2", "a^-2", "a^-2", "a", "a" ]
HY
[ 3, 4, 1, 2 ]
16
[ "y^2=x(x^{6}+a_{1}x^{4}+a_{2}x^{2}+1)" ]
CN
N/A
N/A
@
F
[4,1]
[ 0, 2, 2, 2, 4, 4 ]
[ 2, 2, 2, 4, 4 ]
[ "2A", "2A", "2A", "4A-1", "4A-1" ]
[ 2, 1 ]
[ 2, 1 ]
[ 1, 1 ]
[ [ 3, 1, 2 ] ]
[ 16, 16, 16, 18, 18 ]
[ [ 3, 4, 1, 2 ], [ 3, 4, 1, 2 ], [ 3, 4, 1, 2 ], [ 4, 1, 2, 3 ], [ 4, 1, 2, 3 ] ]
[ "a^-2", "a^-2", "a^-2", "a^-1", "a^-1" ]
HY
[ 3, 4, 1, 2 ]
16
[ "y^2=x(x^{6}+a_{1}x^{4}+a_{2}x^{2}+1)" ]
CN
N/A
N/A
@
F
[4,2]
[ 0, 2, 2, 2, 2, 2, 2 ]
[ 3, 3, 3, 3, 4, 4 ]
[ "2A", "2A", "2A", "2A", "2B", "2B" ]
[ 1, 1 ]
[ 1, 1 ]
[ 1, 1 ]
[ [ 2, 1, 3 ], [ 1, 1, 4 ] ]
[ 23, 23, 23, 23, 16, 16 ]
[ [ 4, 3, 2, 1 ], [ 4, 3, 2, 1 ], [ 4, 3, 2, 1 ], [ 4, 3, 2, 1 ], [ 3, 4, 1, 2 ], [ 3, 4, 1, 2 ] ]
[ "a", "a", "a", "a", "ba", "ba" ]
HY
[ 4, 3, 2, 1 ]
23
[ "y^2=x^{8}+a_{1}x^{6}+a_{2}x^{4}+a_{3}x^{2}+1", "y^2=x(x^2+a_{1}x+1)(x^2+a_{2}x+1)(x^2+a_{3}x+1)" ]
CN
N/A
N/A
@
F
[4,2]
[ 0, 2, 2, 2, 2, 2, 2 ]
[ 3, 3, 4, 4, 4, 4 ]
[ "2A", "2A", "2B", "2B", "2B", "2B" ]
[ 2, 1 ]
[ 2, 1 ]
[ 1, 1 ]
[ [ 1, 1, 2 ], [ 2, 1, 3 ] ]
[ 23, 23, 16, 16, 16, 16 ]
[ [ 4, 3, 2, 1 ], [ 4, 3, 2, 1 ], [ 3, 4, 1, 2 ], [ 3, 4, 1, 2 ], [ 3, 4, 1, 2 ], [ 3, 4, 1, 2 ] ]
[ "a", "a", "ba", "ba", "ba", "ba" ]
HY
[ 3, 4, 1, 2 ]
16
[ "y^2=x^{8}+a_{1}x^{6}+a_{2}x^{4}+a_{3}x^{2}+1", "y^2=x(x^2+a_{1}x+1)(x^2+a_{2}x+1)(x^2+a_{3}x+1)" ]
CN
N/A
N/A
@
F
[4,2]
[ 0, 2, 2, 2, 2, 2, 2 ]
[ 2, 2, 3, 3, 3, 3 ]
[ "2C", "2C", "2A", "2A", "2A", "2A" ]
[ 3, 1 ]
[ 3, 1 ]
[ 1, 1 ]
[ [ 1, 1, 3 ], [ 2, 1, 4 ] ]
[ 7, 7, 23, 23, 23, 23 ]
[ [ 2, 1, 4, 3 ], [ 2, 1, 4, 3 ], [ 4, 3, 2, 1 ], [ 4, 3, 2, 1 ], [ 4, 3, 2, 1 ], [ 4, 3, 2, 1 ] ]
[ "b", "b", "a", "a", "a", "a" ]
HY
[ 4, 3, 2, 1 ]
23
[ "y^2=x^{8}+a_{1}x^{6}+a_{2}x^{4}+a_{3}x^{2}+1", "y^2=x(x^2+a_{1}x+1)(x^2+a_{2}x+1)(x^2+a_{3}x+1)" ]
CN
N/A
N/A
@
F
[4,2]
[ 0, 2, 2, 2, 2, 2, 2 ]
[ 2, 2, 3, 3, 4, 4 ]
[ "2C", "2C", "2A", "2A", "2B", "2B" ]
[ 4, 1 ]
[ 4, 1 ]
[ 4, 1 ]
[ [ 1, 1, 2 ], [ 1, 1, 3 ], [ 1, 1, 4 ] ]
[ 7, 7, 23, 23, 16, 16 ]
[ [ 2, 1, 4, 3 ], [ 2, 1, 4, 3 ], [ 4, 3, 2, 1 ], [ 4, 3, 2, 1 ], [ 3, 4, 1, 2 ], [ 3, 4, 1, 2 ] ]
[ "b", "b", "a", "a", "ba", "ba" ]
HN
N/A
N/A
N/A
CN
N/A
N/A
@
F
[4,2]
[ 0, 2, 2, 2, 2, 2, 2 ]
[ 2, 2, 4, 4, 4, 4 ]
[ "2C", "2C", "2B", "2B", "2B", "2B" ]
[ 5, 1 ]
[ 5, 1 ]
[ 1, 1 ]
[ [ 2, 1, 2 ], [ 1, 1, 3 ] ]
[ 7, 7, 16, 16, 16, 16 ]
[ [ 2, 1, 4, 3 ], [ 2, 1, 4, 3 ], [ 3, 4, 1, 2 ], [ 3, 4, 1, 2 ], [ 3, 4, 1, 2 ], [ 3, 4, 1, 2 ] ]
[ "b", "b", "ba", "ba", "ba", "ba" ]
HY
[ 3, 4, 1, 2 ]
16
[ "y^2=x^{8}+a_{1}x^{6}+a_{2}x^{4}+a_{3}x^{2}+1", "y^2=x(x^2+a_{1}x+1)(x^2+a_{2}x+1)(x^2+a_{3}x+1)" ]
CN
N/A
N/A
@
F
[4,2]
[ 0, 2, 2, 2, 2, 2, 2 ]
[ 2, 2, 2, 2, 3, 3 ]
[ "2C", "2C", "2C", "2C", "2A", "2A" ]
[ 6, 1 ]
[ 6, 1 ]
[ 1, 1 ]
[ [ 1, 1, 2 ], [ 2, 1, 4 ] ]
[ 7, 7, 7, 7, 23, 23 ]
[ [ 2, 1, 4, 3 ], [ 2, 1, 4, 3 ], [ 2, 1, 4, 3 ], [ 2, 1, 4, 3 ], [ 4, 3, 2, 1 ], [ 4, 3, 2, 1 ] ]
[ "b", "b", "b", "b", "a", "a" ]
HY
[ 2, 1, 4, 3 ]
7
[ "y^2=x^{8}+a_{1}x^{6}+a_{2}x^{4}+a_{3}x^{2}+1", "y^2=x(x^2+a_{1}x+1)(x^2+a_{2}x+1)(x^2+a_{3}x+1)" ]
CN
N/A
N/A
@
F
[4,2]
[ 0, 2, 2, 2, 2, 2, 2 ]
[ 2, 2, 2, 2, 4, 4 ]
[ "2C", "2C", "2C", "2C", "2B", "2B" ]
[ 7, 1 ]
[ 7, 1 ]
[ 1, 1 ]
[ [ 2, 1, 2 ], [ 1, 1, 4 ] ]
[ 7, 7, 7, 7, 16, 16 ]
[ [ 2, 1, 4, 3 ], [ 2, 1, 4, 3 ], [ 2, 1, 4, 3 ], [ 2, 1, 4, 3 ], [ 3, 4, 1, 2 ], [ 3, 4, 1, 2 ] ]
[ "b", "b", "b", "b", "ba", "ba" ]
HY
[ 2, 1, 4, 3 ]
7
[ "y^2=x^{8}+a_{1}x^{6}+a_{2}x^{4}+a_{3}x^{2}+1", "y^2=x(x^2+a_{1}x+1)(x^2+a_{2}x+1)(x^2+a_{3}x+1)" ]
CN
N/A
N/A
@
F
[6,1]
[ 0, 2, 2, 2, 2, 3 ]
[ 2, 2, 2, 2, 3 ]
[ "2A", "2A", "2A", "2A", "3A" ]
[ 1, 1 ]
[ 1, 1 ]
[ 1, 1 ]
[ [ 1, 1, 2 ], [ 1, 2, 3 ] ]
[ 2, 1, 1, 1, 3 ]
[ [ 2, 1, 3 ], [ 1, 3, 2 ], [ 1, 3, 2 ], [ 1, 3, 2 ], [ 2, 3, 1 ] ]
[ "ba", "a", "a", "a", "b" ]
HN
N/A
N/A
N/A
CN
N/A
N/A
@
F
[6,1]
[ 0, 2, 2, 2, 2, 3 ]
[ 2, 2, 2, 2, 3 ]
[ "2A", "2A", "2A", "2A", "3A" ]
[ 1, 2 ]
[ 1, 1 ]
[ 1, 1 ]
[ [ 1, 1, 2 ], [ 1, 2, 3 ] ]
[ 2, 1, 1, 5, 4 ]
[ [ 2, 1, 3 ], [ 1, 3, 2 ], [ 1, 3, 2 ], [ 3, 2, 1 ], [ 3, 1, 2 ] ]
[ "ba", "a", "a", "b^2a", "b^2" ]
HN
N/A
N/A
N/A
CN
N/A
N/A
@
F
[6,1]
[ 0, 2, 2, 2, 2, 3 ]
[ 2, 2, 2, 2, 3 ]
[ "2A", "2A", "2A", "2A", "3A" ]
[ 1, 3 ]
[ 1, 1 ]
[ 1, 1 ]
[ [ 1, 1, 2 ], [ 1, 2, 3 ] ]
[ 2, 1, 2, 1, 4 ]
[ [ 2, 1, 3 ], [ 1, 3, 2 ], [ 2, 1, 3 ], [ 1, 3, 2 ], [ 3, 1, 2 ] ]
[ "ba", "a", "ba", "a", "b^2" ]
HN
N/A
N/A
N/A
CN
N/A
N/A
@
F
[6,1]
[ 0, 2, 2, 2, 2, 3 ]
[ 2, 2, 2, 2, 3 ]
[ "2A", "2A", "2A", "2A", "3A" ]
[ 1, 4 ]
[ 1, 1 ]
[ 1, 1 ]
[ [ 1, 1, 2 ], [ 1, 2, 3 ] ]
[ 2, 1, 2, 2, 3 ]
[ [ 2, 1, 3 ], [ 1, 3, 2 ], [ 2, 1, 3 ], [ 2, 1, 3 ], [ 2, 3, 1 ] ]
[ "ba", "a", "ba", "ba", "b" ]
HN
N/A
N/A
N/A
CN
N/A
N/A
@
F
[6,1]
[ 0, 2, 2, 2, 2, 3 ]
[ 2, 2, 2, 2, 3 ]
[ "2A", "2A", "2A", "2A", "3A" ]
[ 1, 5 ]
[ 1, 1 ]
[ 1, 1 ]
[ [ 1, 1, 2 ], [ 1, 2, 3 ] ]
[ 2, 1, 5, 2, 4 ]
[ [ 2, 1, 3 ], [ 1, 3, 2 ], [ 3, 2, 1 ], [ 2, 1, 3 ], [ 3, 1, 2 ] ]
[ "ba", "a", "b^2a", "ba", "b^2" ]
HN
N/A
N/A
N/A
CN
N/A
N/A
@
F
[6,1]
[ 0, 2, 2, 2, 2, 3 ]
[ 2, 2, 2, 2, 3 ]
[ "2A", "2A", "2A", "2A", "3A" ]
[ 1, 6 ]
[ 1, 1 ]
[ 1, 1 ]
[ [ 1, 1, 2 ], [ 1, 2, 3 ] ]
[ 2, 1, 5, 5, 3 ]
[ [ 2, 1, 3 ], [ 1, 3, 2 ], [ 3, 2, 1 ], [ 3, 2, 1 ], [ 2, 3, 1 ] ]
[ "ba", "a", "b^2a", "b^2a", "b" ]
HN
N/A
N/A
N/A
CN
N/A
N/A
@
F
[6,1]
[ 0, 2, 2, 2, 2, 3 ]
[ 2, 2, 2, 2, 3 ]
[ "2A", "2A", "2A", "2A", "3A" ]
[ 1, 7 ]
[ 1, 1 ]
[ 1, 1 ]
[ [ 1, 1, 2 ], [ 1, 2, 3 ] ]
[ 2, 2, 1, 2, 4 ]
[ [ 2, 1, 3 ], [ 2, 1, 3 ], [ 1, 3, 2 ], [ 2, 1, 3 ], [ 3, 1, 2 ] ]
[ "ba", "ba", "a", "ba", "b^2" ]
HN
N/A
N/A
N/A
CN
N/A
N/A
@
F
[6,1]
[ 0, 2, 2, 2, 2, 3 ]
[ 2, 2, 2, 2, 3 ]
[ "2A", "2A", "2A", "2A", "3A" ]
[ 1, 8 ]
[ 1, 1 ]
[ 1, 1 ]
[ [ 1, 1, 2 ], [ 1, 2, 3 ] ]
[ 2, 2, 1, 5, 3 ]
[ [ 2, 1, 3 ], [ 2, 1, 3 ], [ 1, 3, 2 ], [ 3, 2, 1 ], [ 2, 3, 1 ] ]
[ "ba", "ba", "a", "b^2a", "b" ]
HN
N/A
N/A
N/A
CN
N/A
N/A
@
F
[6,1]
[ 0, 2, 2, 2, 2, 3 ]
[ 2, 2, 2, 2, 3 ]
[ "2A", "2A", "2A", "2A", "3A" ]
[ 1, 9 ]
[ 1, 1 ]
[ 1, 1 ]
[ [ 1, 1, 2 ], [ 1, 2, 3 ] ]
[ 2, 2, 2, 1, 3 ]
[ [ 2, 1, 3 ], [ 2, 1, 3 ], [ 2, 1, 3 ], [ 1, 3, 2 ], [ 2, 3, 1 ] ]
[ "ba", "ba", "ba", "a", "b" ]
HN
N/A
N/A
N/A
CN
N/A
N/A
@
F
[8,3]
[ 0, 2, 2, 2, 2, 2 ]
[ 2, 3, 3, 4, 4 ]
[ "2A", "2B", "2B", "2C", "2C" ]
[ 1, 1 ]
[ 1, 1 ]
[ 1, 1 ]
[ [ 1, 1, 4 ], [ 1, 2, 5 ] ]
[ 16, 14, 5, 23, 23 ]
[ [ 3, 4, 1, 2 ], [ 3, 2, 1, 4 ], [ 1, 4, 3, 2 ], [ 4, 3, 2, 1 ], [ 4, 3, 2, 1 ] ]
[ "b^-2", "b^-2a", "a", "b^-1a", "b^-1a" ]
HN
N/A
N/A
N/A
CN
N/A
N/A
@
F
[8,3]
[ 0, 2, 2, 2, 2, 2 ]
[ 2, 3, 3, 4, 4 ]
[ "2A", "2B", "2B", "2C", "2C" ]
[ 1, 2 ]
[ 1, 1 ]
[ 1, 1 ]
[ [ 1, 1, 4 ], [ 1, 2, 5 ] ]
[ 16, 14, 14, 23, 7 ]
[ [ 3, 4, 1, 2 ], [ 3, 2, 1, 4 ], [ 3, 2, 1, 4 ], [ 4, 3, 2, 1 ], [ 2, 1, 4, 3 ] ]
[ "b^-2", "b^-2a", "b^-2a", "b^-1a", "ba" ]
HN
N/A
N/A
N/A
CN
N/A
N/A
@
F
[8,5]
[ 0, 2, 2, 2, 2, 2 ]
[ 4, 6, 7, 8, 8 ]
[ "2C", "2A", "2B", "2F", "2F" ]
[ 1, 1 ]
[ 1, 1 ]
[ 1, 1 ]
[ [ 1, 1, 2 ], [ 1, 1, 3 ], [ 1, 1, 5 ] ]
[ 5759, 32794, 19220, 28495, 28495 ]
[ [ 2, 1, 8, 7, 6, 5, 4, 3 ], [ 7, 4, 5, 2, 3, 8, 1, 6 ], [ 4, 7, 6, 1, 8, 3, 2, 5 ], [ 6, 5, 4, 3, 2, 1, 8, 7 ], [ 6, 5, 4, 3, 2, 1, 8, 7 ] ]
[ "cb", "ca", "ba", "cba", "cba" ]
HY
[ 6, 5, 4, 3, 2, 1, 8, 7 ]
28495
[ "y^2=(x^{4}+a_{1}x^{2}+1)(x^{4}+a_{2}x^{2}+1)" ]
CN
N/A
N/A
@
F
[8,5]
[ 0, 2, 2, 2, 2, 2 ]
[ 4, 5, 6, 6, 8 ]
[ "2C", "2E", "2A", "2A", "2F" ]
[ 2, 1 ]
[ 2, 1 ]
[ 1, 1 ]
[ [ 1, 1, 2 ], [ 1, 1, 5 ], [ 1, 1, 7 ] ]
[ 5759, 23616, 32794, 32794, 28495 ]
[ [ 2, 1, 8, 7, 6, 5, 4, 3 ], [ 5, 6, 7, 8, 1, 2, 3, 4 ], [ 7, 4, 5, 2, 3, 8, 1, 6 ], [ 7, 4, 5, 2, 3, 8, 1, 6 ], [ 6, 5, 4, 3, 2, 1, 8, 7 ] ]
[ "cb", "a", "ca", "ca", "cba" ]
HY
[ 7, 4, 5, 2, 3, 8, 1, 6 ]
32794
[ "y^2=(x^{4}+a_{1}x^{2}+1)(x^{4}+a_{2}x^{2}+1)" ]
CN
N/A
N/A
@
F
[8,5]
[ 0, 2, 2, 2, 2, 2 ]
[ 4, 5, 7, 7, 8 ]
[ "2C", "2E", "2B", "2B", "2F" ]
[ 3, 1 ]
[ 3, 1 ]
[ 1, 1 ]
[ [ 1, 1, 3 ], [ 1, 1, 5 ], [ 1, 1, 6 ] ]
[ 5759, 23616, 19220, 19220, 28495 ]
[ [ 2, 1, 8, 7, 6, 5, 4, 3 ], [ 5, 6, 7, 8, 1, 2, 3, 4 ], [ 4, 7, 6, 1, 8, 3, 2, 5 ], [ 4, 7, 6, 1, 8, 3, 2, 5 ], [ 6, 5, 4, 3, 2, 1, 8, 7 ] ]
[ "cb", "a", "ba", "ba", "cba" ]
HY
[ 4, 7, 6, 1, 8, 3, 2, 5 ]
19220
[ "y^2=(x^{4}+a_{1}x^{2}+1)(x^{4}+a_{2}x^{2}+1)" ]
CN
N/A
N/A
@
F
[8,5]
[ 0, 2, 2, 2, 2, 2 ]
[ 4, 5, 5, 6, 7 ]
[ "2C", "2E", "2E", "2A", "2B" ]
[ 4, 1 ]
[ 4, 1 ]
[ 1, 1 ]
[ [ 1, 1, 5 ], [ 1, 1, 6 ], [ 1, 1, 7 ] ]
[ 5759, 23616, 23616, 32794, 19220 ]
[ [ 2, 1, 8, 7, 6, 5, 4, 3 ], [ 5, 6, 7, 8, 1, 2, 3, 4 ], [ 5, 6, 7, 8, 1, 2, 3, 4 ], [ 7, 4, 5, 2, 3, 8, 1, 6 ], [ 4, 7, 6, 1, 8, 3, 2, 5 ] ]
[ "cb", "a", "a", "ca", "ba" ]
HY
[ 5, 6, 7, 8, 1, 2, 3, 4 ]
23616
[ "y^2=(x^{4}+a_{1}x^{2}+1)(x^{4}+a_{2}x^{2}+1)" ]
CN
N/A
N/A
@
F
[8,5]
[ 0, 2, 2, 2, 2, 2 ]
[ 3, 6, 7, 7, 8 ]
[ "2D", "2A", "2B", "2B", "2F" ]
[ 5, 1 ]
[ 5, 1 ]
[ 1, 1 ]
[ [ 1, 1, 3 ], [ 1, 1, 4 ], [ 1, 1, 5 ] ]
[ 36899, 32794, 19220, 19220, 28495 ]
[ [ 8, 3, 2, 5, 4, 7, 6, 1 ], [ 7, 4, 5, 2, 3, 8, 1, 6 ], [ 4, 7, 6, 1, 8, 3, 2, 5 ], [ 4, 7, 6, 1, 8, 3, 2, 5 ], [ 6, 5, 4, 3, 2, 1, 8, 7 ] ]
[ "b", "ca", "ba", "ba", "cba" ]
HY
[ 4, 7, 6, 1, 8, 3, 2, 5 ]
19220
[ "y^2=(x^{4}+a_{1}x^{2}+1)(x^{4}+a_{2}x^{2}+1)" ]
CN
N/A
N/A
@
F
[8,5]
[ 0, 2, 2, 2, 2, 2 ]
[ 3, 4, 4, 6, 8 ]
[ "2D", "2C", "2C", "2A", "2F" ]
[ 6, 1 ]
[ 6, 1 ]
[ 1, 1 ]
[ [ 1, 1, 2 ], [ 1, 1, 3 ], [ 1, 1, 7 ] ]
[ 36899, 5759, 5759, 32794, 28495 ]
[ [ 8, 3, 2, 5, 4, 7, 6, 1 ], [ 2, 1, 8, 7, 6, 5, 4, 3 ], [ 2, 1, 8, 7, 6, 5, 4, 3 ], [ 7, 4, 5, 2, 3, 8, 1, 6 ], [ 6, 5, 4, 3, 2, 1, 8, 7 ] ]
[ "b", "cb", "cb", "ca", "cba" ]
HY
[ 2, 1, 8, 7, 6, 5, 4, 3 ]
5759
[ "y^2=(x^{4}+a_{1}x^{2}+1)(x^{4}+a_{2}x^{2}+1)" ]
CN
N/A
N/A
@
F
[8,5]
[ 0, 2, 2, 2, 2, 2 ]
[ 3, 4, 4, 5, 7 ]
[ "2D", "2C", "2C", "2E", "2B" ]
[ 7, 1 ]
[ 7, 1 ]
[ 1, 1 ]
[ [ 1, 1, 3 ], [ 1, 1, 6 ], [ 1, 1, 7 ] ]
[ 36899, 5759, 5759, 23616, 19220 ]
[ [ 8, 3, 2, 5, 4, 7, 6, 1 ], [ 2, 1, 8, 7, 6, 5, 4, 3 ], [ 2, 1, 8, 7, 6, 5, 4, 3 ], [ 5, 6, 7, 8, 1, 2, 3, 4 ], [ 4, 7, 6, 1, 8, 3, 2, 5 ] ]
[ "b", "cb", "cb", "a", "ba" ]
HY
[ 2, 1, 8, 7, 6, 5, 4, 3 ]
5759
[ "y^2=(x^{4}+a_{1}x^{2}+1)(x^{4}+a_{2}x^{2}+1)" ]
CN
N/A
N/A
@
F
[8,5]
[ 0, 2, 2, 2, 2, 2 ]
[ 3, 3, 4, 6, 7 ]
[ "2D", "2D", "2C", "2A", "2B" ]
[ 8, 1 ]
[ 8, 1 ]
[ 1, 1 ]
[ [ 1, 1, 3 ], [ 1, 1, 4 ], [ 1, 1, 7 ] ]
[ 36899, 36899, 5759, 32794, 19220 ]
[ [ 8, 3, 2, 5, 4, 7, 6, 1 ], [ 8, 3, 2, 5, 4, 7, 6, 1 ], [ 2, 1, 8, 7, 6, 5, 4, 3 ], [ 7, 4, 5, 2, 3, 8, 1, 6 ], [ 4, 7, 6, 1, 8, 3, 2, 5 ] ]
[ "b", "b", "cb", "ca", "ba" ]
HY
[ 8, 3, 2, 5, 4, 7, 6, 1 ]
36899
[ "y^2=(x^{4}+a_{1}x^{2}+1)(x^{4}+a_{2}x^{2}+1)" ]
CN
N/A
N/A
@
F
[8,5]
[ 0, 2, 2, 2, 2, 2 ]
[ 3, 3, 4, 5, 8 ]
[ "2D", "2D", "2C", "2E", "2F" ]
[ 9, 1 ]
[ 9, 1 ]
[ 1, 1 ]
[ [ 1, 1, 3 ], [ 1, 1, 7 ], [ 1, 1, 8 ] ]
[ 36899, 36899, 5759, 23616, 28495 ]
[ [ 8, 3, 2, 5, 4, 7, 6, 1 ], [ 8, 3, 2, 5, 4, 7, 6, 1 ], [ 2, 1, 8, 7, 6, 5, 4, 3 ], [ 5, 6, 7, 8, 1, 2, 3, 4 ], [ 6, 5, 4, 3, 2, 1, 8, 7 ] ]
[ "b", "b", "cb", "a", "cba" ]
HY
[ 8, 3, 2, 5, 4, 7, 6, 1 ]
36899
[ "y^2=(x^{4}+a_{1}x^{2}+1)(x^{4}+a_{2}x^{2}+1)" ]
CN
N/A
N/A
@
F
[8,5]
[ 0, 2, 2, 2, 2, 2 ]
[ 3, 5, 6, 6, 7 ]
[ "2D", "2E", "2A", "2A", "2B" ]
[ 10, 1 ]
[ 10, 1 ]
[ 1, 1 ]
[ [ 1, 1, 4 ], [ 1, 1, 5 ], [ 1, 1, 7 ] ]
[ 36899, 23616, 32794, 32794, 19220 ]
[ [ 8, 3, 2, 5, 4, 7, 6, 1 ], [ 5, 6, 7, 8, 1, 2, 3, 4 ], [ 7, 4, 5, 2, 3, 8, 1, 6 ], [ 7, 4, 5, 2, 3, 8, 1, 6 ], [ 4, 7, 6, 1, 8, 3, 2, 5 ] ]
[ "b", "a", "ca", "ca", "ba" ]
HY
[ 7, 4, 5, 2, 3, 8, 1, 6 ]
32794
[ "y^2=(x^{4}+a_{1}x^{2}+1)(x^{4}+a_{2}x^{2}+1)" ]
CN
N/A
N/A
@
F
[8,5]
[ 0, 2, 2, 2, 2, 2 ]
[ 3, 5, 7, 8, 8 ]
[ "2D", "2E", "2B", "2F", "2F" ]
[ 11, 1 ]
[ 11, 1 ]
[ 1, 1 ]
[ [ 1, 1, 3 ], [ 1, 1, 5 ], [ 1, 1, 8 ] ]
[ 36899, 23616, 19220, 28495, 28495 ]
[ [ 8, 3, 2, 5, 4, 7, 6, 1 ], [ 5, 6, 7, 8, 1, 2, 3, 4 ], [ 4, 7, 6, 1, 8, 3, 2, 5 ], [ 6, 5, 4, 3, 2, 1, 8, 7 ], [ 6, 5, 4, 3, 2, 1, 8, 7 ] ]
[ "b", "a", "ba", "cba", "cba" ]
HY
[ 6, 5, 4, 3, 2, 1, 8, 7 ]
28495
[ "y^2=(x^{4}+a_{1}x^{2}+1)(x^{4}+a_{2}x^{2}+1)" ]
CN
N/A
N/A
@
F
[8,5]
[ 0, 2, 2, 2, 2, 2 ]
[ 3, 5, 5, 6, 8 ]
[ "2D", "2E", "2E", "2A", "2F" ]
[ 12, 1 ]
[ 12, 1 ]
[ 1, 1 ]
[ [ 1, 1, 5 ], [ 1, 1, 7 ], [ 1, 1, 8 ] ]
[ 36899, 23616, 23616, 32794, 28495 ]
[ [ 8, 3, 2, 5, 4, 7, 6, 1 ], [ 5, 6, 7, 8, 1, 2, 3, 4 ], [ 5, 6, 7, 8, 1, 2, 3, 4 ], [ 7, 4, 5, 2, 3, 8, 1, 6 ], [ 6, 5, 4, 3, 2, 1, 8, 7 ] ]
[ "b", "a", "a", "ca", "cba" ]
HY
[ 5, 6, 7, 8, 1, 2, 3, 4 ]
23616
[ "y^2=(x^{4}+a_{1}x^{2}+1)(x^{4}+a_{2}x^{2}+1)" ]
CN
N/A
N/A
@
F
[8,5]
[ 0, 2, 2, 2, 2, 2 ]
[ 2, 6, 6, 7, 8 ]
[ "2G", "2A", "2A", "2B", "2F" ]
[ 13, 1 ]
[ 13, 1 ]
[ 1, 1 ]
[ [ 1, 1, 2 ], [ 1, 1, 4 ], [ 1, 1, 5 ] ]
[ 14493, 32794, 32794, 19220, 28495 ]
[ [ 3, 8, 1, 6, 7, 4, 5, 2 ], [ 7, 4, 5, 2, 3, 8, 1, 6 ], [ 7, 4, 5, 2, 3, 8, 1, 6 ], [ 4, 7, 6, 1, 8, 3, 2, 5 ], [ 6, 5, 4, 3, 2, 1, 8, 7 ] ]
[ "c", "ca", "ca", "ba", "cba" ]
HY
[ 7, 4, 5, 2, 3, 8, 1, 6 ]
32794
[ "y^2=(x^{4}+a_{1}x^{2}+1)(x^{4}+a_{2}x^{2}+1)" ]
CN
N/A
N/A
@
F
[8,5]
[ 0, 2, 2, 2, 2, 2 ]
[ 2, 4, 4, 7, 8 ]
[ "2G", "2C", "2C", "2B", "2F" ]
[ 14, 1 ]
[ 14, 1 ]
[ 1, 1 ]
[ [ 1, 1, 2 ], [ 1, 1, 3 ], [ 1, 1, 6 ] ]
[ 14493, 5759, 5759, 19220, 28495 ]
[ [ 3, 8, 1, 6, 7, 4, 5, 2 ], [ 2, 1, 8, 7, 6, 5, 4, 3 ], [ 2, 1, 8, 7, 6, 5, 4, 3 ], [ 4, 7, 6, 1, 8, 3, 2, 5 ], [ 6, 5, 4, 3, 2, 1, 8, 7 ] ]
[ "c", "cb", "cb", "ba", "cba" ]
HY
[ 2, 1, 8, 7, 6, 5, 4, 3 ]
5759
[ "y^2=(x^{4}+a_{1}x^{2}+1)(x^{4}+a_{2}x^{2}+1)" ]
CN
N/A
N/A
@
F
[8,5]
[ 0, 2, 2, 2, 2, 2 ]
[ 2, 4, 4, 5, 6 ]
[ "2G", "2C", "2C", "2E", "2A" ]
[ 15, 1 ]
[ 15, 1 ]
[ 1, 1 ]
[ [ 1, 1, 2 ], [ 1, 1, 6 ], [ 1, 1, 7 ] ]
[ 14493, 5759, 5759, 23616, 32794 ]
[ [ 3, 8, 1, 6, 7, 4, 5, 2 ], [ 2, 1, 8, 7, 6, 5, 4, 3 ], [ 2, 1, 8, 7, 6, 5, 4, 3 ], [ 5, 6, 7, 8, 1, 2, 3, 4 ], [ 7, 4, 5, 2, 3, 8, 1, 6 ] ]
[ "c", "cb", "cb", "a", "ca" ]
HY
[ 2, 1, 8, 7, 6, 5, 4, 3 ]
5759
[ "y^2=(x^{4}+a_{1}x^{2}+1)(x^{4}+a_{2}x^{2}+1)" ]
CN
N/A
N/A
@
F
[8,5]
[ 0, 2, 2, 2, 2, 2 ]
[ 2, 3, 4, 6, 6 ]
[ "2G", "2D", "2C", "2A", "2A" ]
[ 16, 1 ]
[ 16, 1 ]
[ 1, 1 ]
[ [ 1, 1, 2 ], [ 1, 1, 4 ], [ 1, 1, 7 ] ]
[ 14493, 36899, 5759, 32794, 32794 ]
[ [ 3, 8, 1, 6, 7, 4, 5, 2 ], [ 8, 3, 2, 5, 4, 7, 6, 1 ], [ 2, 1, 8, 7, 6, 5, 4, 3 ], [ 7, 4, 5, 2, 3, 8, 1, 6 ], [ 7, 4, 5, 2, 3, 8, 1, 6 ] ]
[ "c", "b", "cb", "ca", "ca" ]
HY
[ 7, 4, 5, 2, 3, 8, 1, 6 ]
32794
[ "y^2=(x^{4}+a_{1}x^{2}+1)(x^{4}+a_{2}x^{2}+1)" ]
CN
N/A
N/A
@
F
[8,5]
[ 0, 2, 2, 2, 2, 2 ]
[ 2, 3, 4, 7, 7 ]
[ "2G", "2D", "2C", "2B", "2B" ]
[ 17, 1 ]
[ 17, 1 ]
[ 1, 1 ]
[ [ 1, 1, 3 ], [ 1, 1, 4 ], [ 1, 1, 6 ] ]
[ 14493, 36899, 5759, 19220, 19220 ]
[ [ 3, 8, 1, 6, 7, 4, 5, 2 ], [ 8, 3, 2, 5, 4, 7, 6, 1 ], [ 2, 1, 8, 7, 6, 5, 4, 3 ], [ 4, 7, 6, 1, 8, 3, 2, 5 ], [ 4, 7, 6, 1, 8, 3, 2, 5 ] ]
[ "c", "b", "cb", "ba", "ba" ]
HY
[ 4, 7, 6, 1, 8, 3, 2, 5 ]
19220
[ "y^2=(x^{4}+a_{1}x^{2}+1)(x^{4}+a_{2}x^{2}+1)" ]
CN
N/A
N/A
@
F
[8,5]
[ 0, 2, 2, 2, 2, 2 ]
[ 2, 3, 4, 5, 5 ]
[ "2G", "2D", "2C", "2E", "2E" ]
[ 18, 1 ]
[ 18, 1 ]
[ 1, 1 ]
[ [ 1, 1, 6 ], [ 1, 1, 7 ], [ 1, 1, 8 ] ]
[ 14493, 36899, 5759, 23616, 23616 ]
[ [ 3, 8, 1, 6, 7, 4, 5, 2 ], [ 8, 3, 2, 5, 4, 7, 6, 1 ], [ 2, 1, 8, 7, 6, 5, 4, 3 ], [ 5, 6, 7, 8, 1, 2, 3, 4 ], [ 5, 6, 7, 8, 1, 2, 3, 4 ] ]
[ "c", "b", "cb", "a", "a" ]
HY
[ 5, 6, 7, 8, 1, 2, 3, 4 ]
23616
[ "y^2=(x^{4}+a_{1}x^{2}+1)(x^{4}+a_{2}x^{2}+1)" ]
CN
N/A
N/A
@
F
[8,5]
[ 0, 2, 2, 2, 2, 2 ]
[ 2, 3, 4, 8, 8 ]
[ "2G", "2D", "2C", "2F", "2F" ]
[ 19, 1 ]
[ 19, 1 ]
[ 1, 1 ]
[ [ 1, 1, 2 ], [ 1, 1, 3 ], [ 1, 1, 8 ] ]
[ 14493, 36899, 5759, 28495, 28495 ]
[ [ 3, 8, 1, 6, 7, 4, 5, 2 ], [ 8, 3, 2, 5, 4, 7, 6, 1 ], [ 2, 1, 8, 7, 6, 5, 4, 3 ], [ 6, 5, 4, 3, 2, 1, 8, 7 ], [ 6, 5, 4, 3, 2, 1, 8, 7 ] ]
[ "c", "b", "cb", "cba", "cba" ]
HY
[ 6, 5, 4, 3, 2, 1, 8, 7 ]
28495
[ "y^2=(x^{4}+a_{1}x^{2}+1)(x^{4}+a_{2}x^{2}+1)" ]
CN
N/A
N/A
@
F
[8,5]
[ 0, 2, 2, 2, 2, 2 ]
[ 2, 3, 3, 7, 8 ]
[ "2G", "2D", "2D", "2B", "2F" ]
[ 20, 1 ]
[ 20, 1 ]
[ 1, 1 ]
[ [ 1, 1, 3 ], [ 1, 1, 4 ], [ 1, 1, 8 ] ]
[ 14493, 36899, 36899, 19220, 28495 ]
[ [ 3, 8, 1, 6, 7, 4, 5, 2 ], [ 8, 3, 2, 5, 4, 7, 6, 1 ], [ 8, 3, 2, 5, 4, 7, 6, 1 ], [ 4, 7, 6, 1, 8, 3, 2, 5 ], [ 6, 5, 4, 3, 2, 1, 8, 7 ] ]
[ "c", "b", "b", "ba", "cba" ]
HY
[ 8, 3, 2, 5, 4, 7, 6, 1 ]
36899
[ "y^2=(x^{4}+a_{1}x^{2}+1)(x^{4}+a_{2}x^{2}+1)" ]
CN
N/A
N/A
@
F
[8,5]
[ 0, 2, 2, 2, 2, 2 ]
[ 2, 3, 3, 5, 6 ]
[ "2G", "2D", "2D", "2E", "2A" ]
[ 21, 1 ]
[ 21, 1 ]
[ 1, 1 ]
[ [ 1, 1, 4 ], [ 1, 1, 7 ], [ 1, 1, 8 ] ]
[ 14493, 36899, 36899, 23616, 32794 ]
[ [ 3, 8, 1, 6, 7, 4, 5, 2 ], [ 8, 3, 2, 5, 4, 7, 6, 1 ], [ 8, 3, 2, 5, 4, 7, 6, 1 ], [ 5, 6, 7, 8, 1, 2, 3, 4 ], [ 7, 4, 5, 2, 3, 8, 1, 6 ] ]
[ "c", "b", "b", "a", "ca" ]
HY
[ 8, 3, 2, 5, 4, 7, 6, 1 ]
36899
[ "y^2=(x^{4}+a_{1}x^{2}+1)(x^{4}+a_{2}x^{2}+1)" ]
CN
N/A
N/A
@
F
[8,5]
[ 0, 2, 2, 2, 2, 2 ]
[ 2, 5, 6, 7, 7 ]
[ "2G", "2E", "2A", "2B", "2B" ]
[ 22, 1 ]
[ 22, 1 ]
[ 1, 1 ]
[ [ 1, 1, 4 ], [ 1, 1, 5 ], [ 1, 1, 6 ] ]
[ 14493, 23616, 32794, 19220, 19220 ]
[ [ 3, 8, 1, 6, 7, 4, 5, 2 ], [ 5, 6, 7, 8, 1, 2, 3, 4 ], [ 7, 4, 5, 2, 3, 8, 1, 6 ], [ 4, 7, 6, 1, 8, 3, 2, 5 ], [ 4, 7, 6, 1, 8, 3, 2, 5 ] ]
[ "c", "a", "ca", "ba", "ba" ]
HY
[ 4, 7, 6, 1, 8, 3, 2, 5 ]
19220
[ "y^2=(x^{4}+a_{1}x^{2}+1)(x^{4}+a_{2}x^{2}+1)" ]
CN
N/A
N/A
@
F
[8,5]
[ 0, 2, 2, 2, 2, 2 ]
[ 2, 5, 6, 8, 8 ]
[ "2G", "2E", "2A", "2F", "2F" ]
[ 23, 1 ]
[ 23, 1 ]
[ 1, 1 ]
[ [ 1, 1, 2 ], [ 1, 1, 5 ], [ 1, 1, 8 ] ]
[ 14493, 23616, 32794, 28495, 28495 ]
[ [ 3, 8, 1, 6, 7, 4, 5, 2 ], [ 5, 6, 7, 8, 1, 2, 3, 4 ], [ 7, 4, 5, 2, 3, 8, 1, 6 ], [ 6, 5, 4, 3, 2, 1, 8, 7 ], [ 6, 5, 4, 3, 2, 1, 8, 7 ] ]
[ "c", "a", "ca", "cba", "cba" ]
HY
[ 6, 5, 4, 3, 2, 1, 8, 7 ]
28495
[ "y^2=(x^{4}+a_{1}x^{2}+1)(x^{4}+a_{2}x^{2}+1)" ]
CN
N/A
N/A
@
F
[8,5]
[ 0, 2, 2, 2, 2, 2 ]
[ 2, 5, 5, 7, 8 ]
[ "2G", "2E", "2E", "2B", "2F" ]
[ 24, 1 ]
[ 24, 1 ]
[ 1, 1 ]
[ [ 1, 1, 5 ], [ 1, 1, 6 ], [ 1, 1, 8 ] ]
[ 14493, 23616, 23616, 19220, 28495 ]
[ [ 3, 8, 1, 6, 7, 4, 5, 2 ], [ 5, 6, 7, 8, 1, 2, 3, 4 ], [ 5, 6, 7, 8, 1, 2, 3, 4 ], [ 4, 7, 6, 1, 8, 3, 2, 5 ], [ 6, 5, 4, 3, 2, 1, 8, 7 ] ]
[ "c", "a", "a", "ba", "cba" ]
HY
[ 5, 6, 7, 8, 1, 2, 3, 4 ]
23616
[ "y^2=(x^{4}+a_{1}x^{2}+1)(x^{4}+a_{2}x^{2}+1)" ]
CN
N/A
N/A
@
F
[8,5]
[ 0, 2, 2, 2, 2, 2 ]
[ 2, 2, 4, 6, 7 ]
[ "2G", "2G", "2C", "2A", "2B" ]
[ 25, 1 ]
[ 25, 1 ]
[ 1, 1 ]
[ [ 1, 1, 2 ], [ 1, 1, 4 ], [ 1, 1, 6 ] ]
[ 14493, 14493, 5759, 32794, 19220 ]
[ [ 3, 8, 1, 6, 7, 4, 5, 2 ], [ 3, 8, 1, 6, 7, 4, 5, 2 ], [ 2, 1, 8, 7, 6, 5, 4, 3 ], [ 7, 4, 5, 2, 3, 8, 1, 6 ], [ 4, 7, 6, 1, 8, 3, 2, 5 ] ]
[ "c", "c", "cb", "ca", "ba" ]
HY
[ 3, 8, 1, 6, 7, 4, 5, 2 ]
14493
[ "y^2=(x^{4}+a_{1}x^{2}+1)(x^{4}+a_{2}x^{2}+1)" ]
CN
N/A
N/A
@
F
[8,5]
[ 0, 2, 2, 2, 2, 2 ]
[ 2, 2, 4, 5, 8 ]
[ "2G", "2G", "2C", "2E", "2F" ]
[ 26, 1 ]
[ 26, 1 ]
[ 1, 1 ]
[ [ 1, 1, 2 ], [ 1, 1, 6 ], [ 1, 1, 8 ] ]
[ 14493, 14493, 5759, 23616, 28495 ]
[ [ 3, 8, 1, 6, 7, 4, 5, 2 ], [ 3, 8, 1, 6, 7, 4, 5, 2 ], [ 2, 1, 8, 7, 6, 5, 4, 3 ], [ 5, 6, 7, 8, 1, 2, 3, 4 ], [ 6, 5, 4, 3, 2, 1, 8, 7 ] ]
[ "c", "c", "cb", "a", "cba" ]
HY
[ 3, 8, 1, 6, 7, 4, 5, 2 ]
14493
[ "y^2=(x^{4}+a_{1}x^{2}+1)(x^{4}+a_{2}x^{2}+1)" ]
CN
N/A
N/A
@
F
[8,5]
[ 0, 2, 2, 2, 2, 2 ]
[ 2, 2, 3, 6, 8 ]
[ "2G", "2G", "2D", "2A", "2F" ]
[ 27, 1 ]
[ 27, 1 ]
[ 1, 1 ]
[ [ 1, 1, 2 ], [ 1, 1, 4 ], [ 1, 1, 8 ] ]
[ 14493, 14493, 36899, 32794, 28495 ]
[ [ 3, 8, 1, 6, 7, 4, 5, 2 ], [ 3, 8, 1, 6, 7, 4, 5, 2 ], [ 8, 3, 2, 5, 4, 7, 6, 1 ], [ 7, 4, 5, 2, 3, 8, 1, 6 ], [ 6, 5, 4, 3, 2, 1, 8, 7 ] ]
[ "c", "c", "b", "ca", "cba" ]
HY
[ 3, 8, 1, 6, 7, 4, 5, 2 ]
14493
[ "y^2=(x^{4}+a_{1}x^{2}+1)(x^{4}+a_{2}x^{2}+1)" ]
CN
N/A
N/A
@
F
[8,5]
[ 0, 2, 2, 2, 2, 2 ]
[ 2, 2, 3, 5, 7 ]
[ "2G", "2G", "2D", "2E", "2B" ]
[ 28, 1 ]
[ 28, 1 ]
[ 1, 1 ]
[ [ 1, 1, 4 ], [ 1, 1, 6 ], [ 1, 1, 8 ] ]
[ 14493, 14493, 36899, 23616, 19220 ]
[ [ 3, 8, 1, 6, 7, 4, 5, 2 ], [ 3, 8, 1, 6, 7, 4, 5, 2 ], [ 8, 3, 2, 5, 4, 7, 6, 1 ], [ 5, 6, 7, 8, 1, 2, 3, 4 ], [ 4, 7, 6, 1, 8, 3, 2, 5 ] ]
[ "c", "c", "b", "a", "ba" ]
HY
[ 3, 8, 1, 6, 7, 4, 5, 2 ]
14493
[ "y^2=(x^{4}+a_{1}x^{2}+1)(x^{4}+a_{2}x^{2}+1)" ]
CN
N/A
N/A
@
F
[6,2]
[ 0, 2, 3, 3, 6 ]
[ 2, 3, 3, 6 ]
[ "2A", "3A1", "3A1", "6A-1" ]
[ 1, 1 ]
[ 1, 1 ]
[ 1, 1 ]
[ [ 1, 1, 3 ], [ 2, 1, 4 ] ]
[ 450, 304, 304, 600 ]
[ [ 4, 5, 6, 1, 2, 3 ], [ 3, 4, 5, 6, 1, 2 ], [ 3, 4, 5, 6, 1, 2 ], [ 6, 1, 2, 3, 4, 5 ] ]
[ "a^3", "a^4", "a^4", "a" ]
HN
N/A
N/A
N/A
CY
[ 3, 4, 5, 6, 1, 2 ]
304
@
F
[6,2]
[ 0, 2, 3, 3, 6 ]
[ 2, 4, 4, 5 ]
[ "2A", "3A-1", "3A-1", "6A1" ]
[ 2, 1 ]
[ 2, 1 ]
[ 1, 1 ]
[ [ 1, 1, 3 ], [ 2, 1, 4 ] ]
[ 450, 576, 576, 153 ]
[ [ 4, 5, 6, 1, 2, 3 ], [ 5, 6, 1, 2, 3, 4 ], [ 5, 6, 1, 2, 3, 4 ], [ 2, 3, 4, 5, 6, 1 ] ]
[ "a^3", "a^2", "a^2", "a^5" ]
HN
N/A
N/A
N/A
CY
[ 3, 4, 5, 6, 1, 2 ]
304
@
F
[8,2]
[ 0, 2, 2, 4, 4 ]
[ 2, 3, 5, 7 ]
[ "2A", "2B", "4A-1", "4A1" ]
[ 1, 1 ]
[ 1, 1 ]
[ 1, 1 ]
[ [ 2, 1, 3 ], [ 1, 1, 4 ] ]
[ 14493, 23616, 6425, 29161 ]
[ [ 3, 8, 1, 6, 7, 4, 5, 2 ], [ 5, 6, 7, 8, 1, 2, 3, 4 ], [ 2, 3, 8, 5, 6, 7, 4, 1 ], [ 6, 7, 4, 1, 2, 3, 8, 5 ] ]
[ "b^-2", "a", "b", "ba" ]
HY
[ 3, 8, 1, 6, 7, 4, 5, 2 ]
14493
[ "y^2=(x^{4}-1)(x^{4}+a_{1}x^{2}+1)", "y^2=x(x^{2}-1)(x^{4}+a_{1}x^{2}+1)" ]
CN
N/A
N/A
@
F
[8,2]
[ 0, 2, 2, 4, 4 ]
[ 2, 3, 6, 8 ]
[ "2A", "2B", "4B1", "4B-1" ]
[ 2, 1 ]
[ 2, 1 ]
[ 1, 1 ]
[ [ 2, 1, 3 ], [ 1, 1, 4 ] ]
[ 14493, 23616, 35385, 17706 ]
[ [ 3, 8, 1, 6, 7, 4, 5, 2 ], [ 5, 6, 7, 8, 1, 2, 3, 4 ], [ 8, 1, 2, 7, 4, 5, 6, 3 ], [ 4, 5, 6, 3, 8, 1, 2, 7 ] ]
[ "b^-2", "a", "b^-1", "b^-1a" ]
HY
[ 3, 8, 1, 6, 7, 4, 5, 2 ]
14493
[ "y^2=(x^{4}-1)(x^{4}+a_{1}x^{2}+1)", "y^2=x(x^{2}-1)(x^{4}+a_{1}x^{2}+1)" ]
CN
N/A
N/A
@
F
[8,2]
[ 0, 2, 2, 4, 4 ]
[ 2, 4, 5, 8 ]
[ "2A", "2C", "4A-1", "4B-1" ]
[ 3, 1 ]
[ 3, 1 ]
[ 1, 1 ]
[ [ 1, 1, 3 ], [ 2, 1, 4 ] ]
[ 14493, 32794, 6425, 17706 ]
[ [ 3, 8, 1, 6, 7, 4, 5, 2 ], [ 7, 4, 5, 2, 3, 8, 1, 6 ], [ 2, 3, 8, 5, 6, 7, 4, 1 ], [ 4, 5, 6, 3, 8, 1, 2, 7 ] ]
[ "b^-2", "b^-2a", "b", "b^-1a" ]
HY
[ 3, 8, 1, 6, 7, 4, 5, 2 ]
14493
[ "y^2=(x^{4}-1)(x^{4}+a_{1}x^{2}+1)", "y^2=x(x^{2}-1)(x^{4}+a_{1}x^{2}+1)" ]
CN
N/A
N/A
@
F
[8,2]
[ 0, 2, 2, 4, 4 ]
[ 2, 4, 6, 7 ]
[ "2A", "2C", "4B1", "4A1" ]
[ 4, 1 ]
[ 4, 1 ]
[ 1, 1 ]
[ [ 1, 1, 3 ], [ 2, 1, 4 ] ]
[ 14493, 32794, 35385, 29161 ]
[ [ 3, 8, 1, 6, 7, 4, 5, 2 ], [ 7, 4, 5, 2, 3, 8, 1, 6 ], [ 8, 1, 2, 7, 4, 5, 6, 3 ], [ 6, 7, 4, 1, 2, 3, 8, 5 ] ]
[ "b^-2", "b^-2a", "b^-1", "ba" ]
HY
[ 3, 8, 1, 6, 7, 4, 5, 2 ]
14493
[ "y^2=(x^{4}-1)(x^{4}+a_{1}x^{2}+1)", "y^2=x(x^{2}-1)(x^{4}+a_{1}x^{2}+1)" ]
CN
N/A
N/A
@
F
[9,1]
[ 0, 3, 9, 9 ]
[ 2, 5, 6 ]
[ "3A1", "9A1", "9A2" ]
[ 1, 1 ]
[ 1, 1 ]
[ 1, 1 ]
[ [ 3, 1, 2 ] ]
[ 138690, 92464, 184896 ]
[ [ 4, 5, 6, 7, 8, 9, 1, 2, 3 ], [ 3, 4, 5, 6, 7, 8, 9, 1, 2 ], [ 5, 6, 7, 8, 9, 1, 2, 3, 4 ] ]
[ "a^3", "a^2", "a^4" ]
HN
N/A
N/A
N/A
CY
[ 4, 5, 6, 7, 8, 9, 1, 2, 3 ]
138690
@
F
[9,1]
[ 0, 3, 9, 9 ]
[ 2, 8, 9 ]
[ "3A1", "9A-2", "9A4" ]
[ 2, 1 ]
[ 2, 1 ]
[ 1, 1 ]
[ [ 3, 1, 2 ] ]
[ 138690, 317520, 322560 ]
[ [ 4, 5, 6, 7, 8, 9, 1, 2, 3 ], [ 8, 9, 1, 2, 3, 4, 5, 6, 7 ], [ 9, 1, 2, 3, 4, 5, 6, 7, 8 ] ]
[ "a^3", "a^7", "a^8" ]
HN
N/A
N/A
N/A
CY
[ 4, 5, 6, 7, 8, 9, 1, 2, 3 ]
138690
@
F
[9,1]
[ 0, 3, 9, 9 ]
[ 2, 4, 7 ]
[ "3A1", "9A-4", "9A-1" ]
[ 3, 1 ]
[ 3, 1 ]
[ 1, 1 ]
[ [ 3, 1, 2 ] ]
[ 138690, 46233, 231000 ]
[ [ 4, 5, 6, 7, 8, 9, 1, 2, 3 ], [ 2, 3, 4, 5, 6, 7, 8, 9, 1 ], [ 6, 7, 8, 9, 1, 2, 3, 4, 5 ] ]
[ "a^3", "a", "a^5" ]
HN
N/A
N/A
N/A
CY
[ 4, 5, 6, 7, 8, 9, 1, 2, 3 ]
138690
@
F
[9,1]
[ 0, 3, 9, 9 ]
[ 3, 7, 8 ]
[ "3A-1", "9A-1", "9A-2" ]
[ 4, 1 ]
[ 4, 1 ]
[ 1, 1 ]
[ [ 3, 1, 2 ] ]
[ 276480, 231000, 317520 ]
[ [ 7, 8, 9, 1, 2, 3, 4, 5, 6 ], [ 6, 7, 8, 9, 1, 2, 3, 4, 5 ], [ 8, 9, 1, 2, 3, 4, 5, 6, 7 ] ]
[ "a^6", "a^5", "a^7" ]
HN
N/A
N/A
N/A
CY
[ 4, 5, 6, 7, 8, 9, 1, 2, 3 ]
138690
@
F
[9,1]
[ 0, 3, 9, 9 ]
[ 3, 6, 9 ]
[ "3A-1", "9A2", "9A4" ]
[ 5, 1 ]
[ 5, 1 ]
[ 1, 1 ]
[ [ 3, 1, 2 ] ]
[ 276480, 184896, 322560 ]
[ [ 7, 8, 9, 1, 2, 3, 4, 5, 6 ], [ 5, 6, 7, 8, 9, 1, 2, 3, 4 ], [ 9, 1, 2, 3, 4, 5, 6, 7, 8 ] ]
[ "a^6", "a^4", "a^8" ]
HN
N/A
N/A
N/A
CY
[ 4, 5, 6, 7, 8, 9, 1, 2, 3 ]
138690
@
F
[9,1]
[ 0, 3, 9, 9 ]
[ 3, 4, 5 ]
[ "3A-1", "9A-4", "9A1" ]
[ 6, 1 ]
[ 6, 1 ]
[ 1, 1 ]
[ [ 3, 1, 2 ] ]
[ 276480, 46233, 92464 ]
[ [ 7, 8, 9, 1, 2, 3, 4, 5, 6 ], [ 2, 3, 4, 5, 6, 7, 8, 9, 1 ], [ 3, 4, 5, 6, 7, 8, 9, 1, 2 ] ]
[ "a^6", "a", "a^2" ]
HN
N/A
N/A
N/A
CY
[ 4, 5, 6, 7, 8, 9, 1, 2, 3 ]
138690
@
F
[12,4]
[ 0, 2, 2, 2, 6 ]
[ 2, 4, 4, 6 ]
[ "2A", "2B", "2B", "6A" ]
[ 1, 1 ]
[ 1, 1 ]
[ 1, 1 ]
[ [ 1, 1, 4 ], [ 1, 2, 6 ] ]
[ 450, 566, 269, 600 ]
[ [ 4, 5, 6, 1, 2, 3 ], [ 5, 4, 3, 2, 1, 6 ], [ 3, 2, 1, 6, 5, 4 ], [ 6, 1, 2, 3, 4, 5 ] ]
[ "b^3", "ba", "b^5a", "b^5" ]
HY
[ 4, 5, 6, 1, 2, 3 ]
450
[ "y^2=x(x^{6}+a_{1}x^{3}+1)" ]
CN
N/A
N/A
@
F
[12,4]
[ 0, 2, 2, 2, 6 ]
[ 2, 3, 3, 6 ]
[ "2A", "2C", "2C", "6A" ]
[ 2, 1 ]
[ 2, 1 ]
[ 1, 1 ]
[ [ 1, 1, 3 ], [ 1, 2, 6 ] ]
[ 450, 415, 719, 153 ]
[ [ 4, 5, 6, 1, 2, 3 ], [ 4, 3, 2, 1, 6, 5 ], [ 6, 5, 4, 3, 2, 1 ], [ 2, 3, 4, 5, 6, 1 ] ]
[ "b^3", "a", "b^2a", "b" ]
HY
[ 4, 5, 6, 1, 2, 3 ]
450
[ "y^2=x(x^{6}+a_{1}x^{3}+1)" ]
CN
N/A
N/A
@
F
[14,2]
[ 0, 2, 7, 14 ]
[ 2, 3, 11 ]
[ "2A", "7A1", "14A3" ]
[ 1, 1 ]
[ 1, 1 ]
[ 1, 1 ]
[ [ 3, 1, 4 ] ]
[ 47249833680, 13499954224, 33749885400 ]
[ [ 8, 9, 10, 11, 12, 13, 14, 1, 2, 3, 4, 5, 6, 7 ], [ 3, 4, 5, 6, 7, 8, 9, 10, 11, 12, 13, 14, 1, 2 ], [ 6, 7, 8, 9, 10, 11, 12, 13, 14, 1, 2, 3, 4, 5 ] ]
[ "a^7", "a^12", "a^9" ]
HY
[ 8, 9, 10, 11, 12, 13, 14, 1, 2, 3, 4, 5, 6, 7 ]
47249833680
[ "y^2=x^{7}+1" ]
CN
N/A
N/A
@
F
[14,2]
[ 0, 2, 7, 14 ]
[ 2, 6, 14 ]
[ "2A", "7A-1", "14A1" ]
[ 2, 1 ]
[ 2, 1 ]
[ 1, 1 ]
[ [ 3, 1, 4 ] ]
[ 47249833680, 53999769600, 80951270400 ]
[ [ 8, 9, 10, 11, 12, 13, 14, 1, 2, 3, 4, 5, 6, 7 ], [ 9, 10, 11, 12, 13, 14, 1, 2, 3, 4, 5, 6, 7, 8 ], [ 14, 1, 2, 3, 4, 5, 6, 7, 8, 9, 10, 11, 12, 13 ] ]
[ "a^7", "a^6", "a" ]
HY
[ 8, 9, 10, 11, 12, 13, 14, 1, 2, 3, 4, 5, 6, 7 ]
47249833680
[ "y^2=x^{7}+1" ]
CN
N/A
N/A
@
F
[14,2]
[ 0, 2, 7, 14 ]
[ 2, 5, 9 ]
[ "2A", "7A2", "14A-1" ]
[ 3, 1 ]
[ 3, 1 ]
[ 1, 1 ]
[ [ 3, 1, 4 ] ]
[ 47249833680, 40499861760, 6749977113 ]
[ [ 8, 9, 10, 11, 12, 13, 14, 1, 2, 3, 4, 5, 6, 7 ], [ 7, 8, 9, 10, 11, 12, 13, 14, 1, 2, 3, 4, 5, 6 ], [ 2, 3, 4, 5, 6, 7, 8, 9, 10, 11, 12, 13, 14, 1 ] ]
[ "a^7", "a^8", "a^13" ]
HY
[ 8, 9, 10, 11, 12, 13, 14, 1, 2, 3, 4, 5, 6, 7 ]
47249833680
[ "y^2=x^{7}+1" ]
CN
N/A
N/A
@
F
[14,2]
[ 0, 2, 7, 14 ]
[ 2, 4, 10 ]
[ "2A", "7A-2", "14A-5" ]
[ 4, 1 ]
[ 4, 1 ]
[ 1, 1 ]
[ [ 3, 1, 4 ] ]
[ 47249833680, 26999908416, 20249931330 ]
[ [ 8, 9, 10, 11, 12, 13, 14, 1, 2, 3, 4, 5, 6, 7 ], [ 5, 6, 7, 8, 9, 10, 11, 12, 13, 14, 1, 2, 3, 4 ], [ 4, 5, 6, 7, 8, 9, 10, 11, 12, 13, 14, 1, 2, 3 ] ]
[ "a^7", "a^10", "a^11" ]
HY
[ 8, 9, 10, 11, 12, 13, 14, 1, 2, 3, 4, 5, 6, 7 ]
47249833680
[ "y^2=x^{7}+1" ]
CN
N/A
N/A
@
F
[14,2]
[ 0, 2, 7, 14 ]
[ 2, 7, 13 ]
[ "2A", "7A3", "14A5" ]
[ 5, 1 ]
[ 5, 1 ]
[ 1, 1 ]
[ [ 3, 1, 4 ] ]
[ 47249833680, 67495680000, 74205331200 ]
[ [ 8, 9, 10, 11, 12, 13, 14, 1, 2, 3, 4, 5, 6, 7 ], [ 11, 12, 13, 14, 1, 2, 3, 4, 5, 6, 7, 8, 9, 10 ], [ 12, 13, 14, 1, 2, 3, 4, 5, 6, 7, 8, 9, 10, 11 ] ]
[ "a^7", "a^4", "a^3" ]
HY
[ 8, 9, 10, 11, 12, 13, 14, 1, 2, 3, 4, 5, 6, 7 ]
47249833680
[ "y^2=x^{7}+1" ]
CN
N/A
N/A
@
F
[14,2]
[ 0, 2, 7, 14 ]
[ 2, 8, 12 ]
[ "2A", "7A-3", "14A-3" ]
[ 6, 1 ]
[ 6, 1 ]
[ 1, 1 ]
[ [ 3, 1, 4 ] ]
[ 47249833680, 80472268800, 60749377920 ]
[ [ 8, 9, 10, 11, 12, 13, 14, 1, 2, 3, 4, 5, 6, 7 ], [ 13, 14, 1, 2, 3, 4, 5, 6, 7, 8, 9, 10, 11, 12 ], [ 10, 11, 12, 13, 14, 1, 2, 3, 4, 5, 6, 7, 8, 9 ] ]
[ "a^7", "a^2", "a^5" ]
HY
[ 8, 9, 10, 11, 12, 13, 14, 1, 2, 3, 4, 5, 6, 7 ]
47249833680
[ "y^2=x^{7}+1" ]
CN
N/A
N/A
@
F
[16,11]
[ 0, 2, 2, 2, 4 ]
[ 2, 6, 8, 10 ]
[ "2B", "2D", "2E", "4B" ]
[ 1, 1 ]
[ 1, 1 ]
[ 1, 1 ]
[ [ 1, 1, 3 ], [ 1, 2, 9 ] ]
[ 14493, 32794, 14519, 32815 ]
[ [ 3, 8, 1, 6, 7, 4, 5, 2 ], [ 7, 4, 5, 2, 3, 8, 1, 6 ], [ 3, 8, 1, 7, 6, 5, 4, 2 ], [ 7, 4, 5, 3, 2, 1, 8, 6 ] ]
[ "a", "c^-1b", "b", "c^-1a" ]
HY
[ 3, 8, 1, 6, 7, 4, 5, 2 ]
14493
[ "y^2=x^{8}+a_1x^{4}+1" ]
CN
N/A
N/A
@
F
[16,11]
[ 0, 2, 2, 2, 4 ]
[ 2, 6, 7, 9 ]
[ "2B", "2D", "2F", "4A" ]
[ 2, 1 ]
[ 2, 1 ]
[ 1, 1 ]
[ [ 1, 1, 5 ], [ 1, 2, 9 ] ]
[ 14493, 32794, 26, 23540 ]
[ [ 3, 8, 1, 6, 7, 4, 5, 2 ], [ 7, 4, 5, 2, 3, 8, 1, 6 ], [ 1, 2, 3, 5, 4, 7, 6, 8 ], [ 5, 6, 7, 1, 8, 3, 2, 4 ] ]
[ "a", "c^-1b", "ba", "c^-1" ]
HY
[ 3, 8, 1, 6, 7, 4, 5, 2 ]
14493
[ "y^2=x^{8}+a_1x^{4}+1" ]
CN
N/A
N/A
@
F
[16,11]
[ 0, 2, 2, 2, 4 ]
[ 2, 5, 8, 9 ]
[ "2B", "2G", "2E", "4A" ]
[ 3, 1 ]
[ 3, 1 ]
[ 1, 1 ]
[ [ 1, 1, 6 ], [ 1, 2, 9 ] ]
[ 14493, 23616, 14519, 23540 ]
[ [ 3, 8, 1, 6, 7, 4, 5, 2 ], [ 5, 6, 7, 8, 1, 2, 3, 4 ], [ 3, 8, 1, 7, 6, 5, 4, 2 ], [ 5, 6, 7, 1, 8, 3, 2, 4 ] ]
[ "a", "c^-1ba", "b", "c^-1" ]
HY
[ 3, 8, 1, 6, 7, 4, 5, 2 ]
14493
[ "y^2=x^{8}+a_1x^{4}+1" ]
CN
N/A
N/A
@
F
[16,11]
[ 0, 2, 2, 2, 4 ]
[ 2, 5, 7, 10 ]
[ "2B", "2G", "2F", "4B" ]
[ 4, 1 ]
[ 4, 1 ]
[ 1, 1 ]
[ [ 1, 1, 2 ], [ 1, 2, 9 ] ]
[ 14493, 23616, 26, 32815 ]
[ [ 3, 8, 1, 6, 7, 4, 5, 2 ], [ 5, 6, 7, 8, 1, 2, 3, 4 ], [ 1, 2, 3, 5, 4, 7, 6, 8 ], [ 7, 4, 5, 3, 2, 1, 8, 6 ] ]
[ "a", "c^-1ba", "ba", "c^-1a" ]
HY
[ 3, 8, 1, 6, 7, 4, 5, 2 ]
14493
[ "y^2=x^{8}+a_1x^{4}+1" ]
CN
N/A
N/A
@
F
[16,11]
[ 0, 2, 2, 2, 4 ]
[ 4, 6, 8, 10 ]
[ "2C", "2D", "2E", "4B" ]
[ 5, 1 ]
[ 5, 1 ]
[ 1, 1 ]
[ [ 1, 1, 3 ], [ 1, 2, 10 ] ]
[ 5759, 32794, 14519, 28474 ]
[ [ 2, 1, 8, 7, 6, 5, 4, 3 ], [ 7, 4, 5, 2, 3, 8, 1, 6 ], [ 3, 8, 1, 7, 6, 5, 4, 2 ], [ 6, 5, 4, 2, 3, 8, 1, 7 ] ]
[ "c^-2a", "c^-1b", "b", "ca" ]
HY
[ 2, 1, 8, 7, 6, 5, 4, 3 ]
5759
[ "y^2=x^{8}+a_1x^{4}+1" ]
CN
N/A
N/A
@
F
[16,11]
[ 0, 2, 2, 2, 4 ]
[ 4, 6, 7, 9 ]
[ "2C", "2D", "2F", "4A" ]
[ 6, 1 ]
[ 6, 1 ]
[ 1, 1 ]
[ [ 1, 1, 5 ], [ 1, 2, 10 ] ]
[ 5759, 32794, 26, 19296 ]
[ [ 2, 1, 8, 7, 6, 5, 4, 3 ], [ 7, 4, 5, 2, 3, 8, 1, 6 ], [ 1, 2, 3, 5, 4, 7, 6, 8 ], [ 4, 7, 6, 8, 1, 2, 3, 5 ] ]
[ "c^-2a", "c^-1b", "ba", "c" ]
HY
[ 2, 1, 8, 7, 6, 5, 4, 3 ]
5759
[ "y^2=x^{8}+a_1x^{4}+1" ]
CN
N/A
N/A
@
F
[16,11]
[ 0, 2, 2, 2, 4 ]
[ 4, 5, 8, 9 ]
[ "2C", "2G", "2E", "4A" ]
[ 7, 1 ]
[ 7, 1 ]
[ 1, 1 ]
[ [ 1, 1, 6 ], [ 1, 2, 10 ] ]
[ 5759, 23616, 14519, 19296 ]
[ [ 2, 1, 8, 7, 6, 5, 4, 3 ], [ 5, 6, 7, 8, 1, 2, 3, 4 ], [ 3, 8, 1, 7, 6, 5, 4, 2 ], [ 4, 7, 6, 8, 1, 2, 3, 5 ] ]
[ "c^-2a", "c^-1ba", "b", "c" ]
HY
[ 2, 1, 8, 7, 6, 5, 4, 3 ]
5759
[ "y^2=x^{8}+a_1x^{4}+1" ]
CN
N/A
N/A
@
F
[16,11]
[ 0, 2, 2, 2, 4 ]
[ 4, 5, 7, 10 ]
[ "2C", "2G", "2F", "4B" ]
[ 8, 1 ]
[ 8, 1 ]
[ 1, 1 ]
[ [ 1, 1, 2 ], [ 1, 2, 10 ] ]
[ 5759, 23616, 26, 28474 ]
[ [ 2, 1, 8, 7, 6, 5, 4, 3 ], [ 5, 6, 7, 8, 1, 2, 3, 4 ], [ 1, 2, 3, 5, 4, 7, 6, 8 ], [ 6, 5, 4, 2, 3, 8, 1, 7 ] ]
[ "c^-2a", "c^-1ba", "ba", "ca" ]
HY
[ 2, 1, 8, 7, 6, 5, 4, 3 ]
5759
[ "y^2=x^{8}+a_1x^{4}+1" ]
CN
N/A
N/A
@
F
[16,13]
[ 0, 2, 2, 2, 4 ]
[ 3, 4, 5, 6 ]
[ "2C", "2D", "2B", "4A1" ]
[ 1, 1 ]
[ 1, 1 ]
[ 1, 1 ]
[ [ 1, 1, 3 ], [ 1, 2, 9 ] ]
[ 28783, 21410, 36899, 11824 ]
[ [ 6, 5, 8, 7, 2, 1, 4, 3 ], [ 5, 2, 7, 4, 1, 6, 3, 8 ], [ 8, 3, 2, 5, 4, 7, 6, 1 ], [ 3, 4, 5, 6, 7, 8, 1, 2 ] ]
[ "cba", "c^-2b", "a", "c" ]
HN
N/A
N/A
N/A
CN
N/A
N/A
@
F
[16,13]
[ 0, 2, 2, 2, 4 ]
[ 3, 4, 5, 7 ]
[ "2C", "2D", "2B", "4A-1" ]
[ 2, 1 ]
[ 2, 1 ]
[ 1, 1 ]
[ [ 1, 1, 3 ], [ 1, 2, 9 ] ]
[ 28783, 21410, 19220, 34560 ]
[ [ 6, 5, 8, 7, 2, 1, 4, 3 ], [ 5, 2, 7, 4, 1, 6, 3, 8 ], [ 4, 7, 6, 1, 8, 3, 2, 5 ], [ 7, 8, 1, 2, 3, 4, 5, 6 ] ]
[ "cba", "c^-2b", "c^-2a", "c^-1" ]
HN
N/A
N/A
N/A
CN
N/A
N/A
@
F
[24,5]
[ 0, 2, 4, 12 ]
[ 4, 8, 11 ]
[ "2B", "4B1", "12A1" ]
[ 1, 1 ]
[ 1, 1 ]
[ 1, 1 ]
[ [ 1, 1, 6 ], [ 1, 2, 11 ] ]
[ 412659706, 145713396, 307676880 ]
[ [ 11, 4, 9, 2, 7, 12, 5, 10, 3, 8, 1, 6 ], [ 4, 9, 2, 7, 12, 5, 10, 3, 8, 1, 6, 11 ], [ 8, 9, 10, 11, 12, 1, 2, 3, 4, 5, 6, 7 ] ]
[ "b^2a", "b^9a", "b^5" ]
HY
[ 7, 8, 9, 10, 11, 12, 1, 2, 3, 4, 5, 6 ]
263727360
[ "y^2=x(x^{6}-1)" ]
CN
N/A
N/A
@
F
[24,5]
[ 0, 2, 4, 12 ]
[ 4, 9, 12 ]
[ "2B", "4B-1", "12A-1" ]
[ 2, 1 ]
[ 2, 1 ]
[ 1, 1 ]
[ [ 1, 1, 6 ], [ 1, 2, 11 ] ]
[ 412659706, 368704995, 43954713 ]
[ [ 11, 4, 9, 2, 7, 12, 5, 10, 3, 8, 1, 6 ], [ 10, 3, 8, 1, 6, 11, 4, 9, 2, 7, 12, 5 ], [ 2, 3, 4, 5, 6, 7, 8, 9, 10, 11, 12, 1 ] ]
[ "b^2a", "b^3a", "b^11" ]
HY
[ 7, 8, 9, 10, 11, 12, 1, 2, 3, 4, 5, 6 ]
263727360
[ "y^2=x(x^{6}-1)" ]
CN
N/A
N/A
@
F
[24,5]
[ 0, 2, 4, 12 ]
[ 3, 8, 12 ]
[ "2C", "4B1", "12A-1" ]
[ 3, 1 ]
[ 3, 1 ]
[ 1, 1 ]
[ [ 1, 1, 5 ], [ 1, 2, 11 ] ]
[ 189626916, 145713396, 43954713 ]
[ [ 5, 10, 3, 8, 1, 6, 11, 4, 9, 2, 7, 12 ], [ 4, 9, 2, 7, 12, 5, 10, 3, 8, 1, 6, 11 ], [ 2, 3, 4, 5, 6, 7, 8, 9, 10, 11, 12, 1 ] ]
[ "b^8a", "b^9a", "b^11" ]
HY
[ 7, 8, 9, 10, 11, 12, 1, 2, 3, 4, 5, 6 ]
263727360
[ "y^2=x(x^{6}-1)" ]
CN
N/A
N/A
@
F
[24,5]
[ 0, 2, 4, 12 ]
[ 3, 9, 11 ]
[ "2C", "4B-1", "12A1" ]
[ 4, 1 ]
[ 4, 1 ]
[ 1, 1 ]
[ [ 1, 1, 5 ], [ 1, 2, 11 ] ]
[ 189626916, 368704995, 307676880 ]
[ [ 5, 10, 3, 8, 1, 6, 11, 4, 9, 2, 7, 12 ], [ 10, 3, 8, 1, 6, 11, 4, 9, 2, 7, 12, 5 ], [ 8, 9, 10, 11, 12, 1, 2, 3, 4, 5, 6, 7 ] ]
[ "b^8a", "b^3a", "b^5" ]
HY
[ 7, 8, 9, 10, 11, 12, 1, 2, 3, 4, 5, 6 ]
263727360
[ "y^2=x(x^{6}-1)" ]
CN
N/A
N/A
@
F
[24,12]
[ 0, 2, 2, 2, 3 ]
[ 2, 3, 3, 4 ]
[ "2A", "2B", "2B", "3A" ]
[ 1, 1 ]
[ 1, 1 ]
[ 1, 1 ]
[ [ 1, 3, 4 ] ]
[ 7, 21, 14, 19 ]
[ [ 2, 1, 4, 3 ], [ 4, 2, 3, 1 ], [ 3, 2, 1, 4 ], [ 4, 1, 3, 2 ] ]
[ "dc", "db^2a", "cba", "db" ]
HN
N/A
N/A
N/A
CN
N/A
N/A
@
F
[24,12]
[ 0, 2, 2, 2, 3 ]
[ 2, 3, 3, 4 ]
[ "2A", "2B", "2B", "3A" ]
[ 1, 2 ]
[ 1, 1 ]
[ 1, 1 ]
[ [ 1, 3, 4 ] ]
[ 7, 21, 6, 3 ]
[ [ 2, 1, 4, 3 ], [ 4, 2, 3, 1 ], [ 2, 1, 3, 4 ], [ 1, 3, 4, 2 ] ]
[ "dc", "db^2a", "dca", "b^2" ]
HN
N/A
N/A
N/A
CN
N/A
N/A
@
F
[24,12]
[ 0, 2, 2, 2, 3 ]
[ 2, 3, 3, 4 ]
[ "2A", "2B", "2B", "3A" ]
[ 1, 3 ]
[ 1, 1 ]
[ 1, 1 ]
[ [ 1, 3, 4 ] ]
[ 7, 6, 2, 4 ]
[ [ 2, 1, 4, 3 ], [ 2, 1, 3, 4 ], [ 1, 3, 2, 4 ], [ 1, 4, 2, 3 ] ]
[ "dc", "dca", "b^2a", "b" ]
HN
N/A
N/A
N/A
CN
N/A
N/A
@
F
[32,9]
[ 0, 2, 4, 8 ]
[ 6, 10, 14 ]
[ "2D", "4C1", "8A3" ]
[ 1, 1 ]
[ 1, 1 ]
[ 1, 1 ]
[ [ 1, 1, 5 ], [ 1, 2, 12 ] ]
[ 6900540590033, 4097818771073, 2803205272745 ]
[ [ 6, 5, 3, 4, 2, 1, 16, 15, 13, 14, 11, 12, 9, 10, 8, 7 ], [ 4, 3, 1, 2, 15, 16, 14, 13, 12, 11, 9, 10, 7, 8, 6, 5 ], [ 3, 4, 5, 6, 7, 8, 9, 10, 11, 12, 14, 13, 15, 16, 2, 1 ] ]
[ "c^-2ba", "c^-1a", "c^-1b" ]
HY
[ 2, 1, 4, 3, 6, 5, 8, 7, 10, 9, 12, 11, 14, 13, 16, 15 ]
1313941673647
[ "y^2=x^{8}-1" ]
CN
N/A
N/A
@
F
[32,9]
[ 0, 2, 4, 8 ]
[ 6, 10, 12 ]
[ "2D", "4C1", "8A-3" ]
[ 2, 1 ]
[ 2, 1 ]
[ 1, 1 ]
[ [ 1, 1, 5 ], [ 1, 2, 12 ] ]
[ 6900540590033, 20916522945358, 9723557122680 ]
[ [ 6, 5, 3, 4, 2, 1, 16, 15, 13, 14, 11, 12, 9, 10, 8, 7 ], [ 16, 15, 13, 14, 11, 12, 10, 9, 7, 8, 6, 5, 4, 3, 1, 2 ], [ 8, 7, 10, 9, 12, 11, 13, 14, 15, 16, 2, 1, 3, 4, 5, 6 ] ]
[ "c^-2ba", "cba", "c^-3" ]
HY
[ 2, 1, 4, 3, 6, 5, 8, 7, 10, 9, 12, 11, 14, 13, 16, 15 ]
1313941673647
[ "y^2=x^{8}-1" ]
CN
N/A
N/A
@
F
[32,9]
[ 0, 2, 4, 8 ]
[ 6, 9, 11 ]
[ "2D", "4C-1", "8A1" ]
[ 3, 1 ]
[ 3, 1 ]
[ 1, 1 ]
[ [ 1, 1, 5 ], [ 1, 2, 12 ] ]
[ 6900540590033, 2796410972878, 4117146946150 ]
[ [ 6, 5, 3, 4, 2, 1, 16, 15, 13, 14, 11, 12, 9, 10, 8, 7 ], [ 3, 4, 2, 1, 16, 15, 13, 14, 11, 12, 10, 9, 8, 7, 5, 6 ], [ 4, 3, 6, 5, 8, 7, 10, 9, 12, 11, 13, 14, 16, 15, 1, 2 ] ]
[ "c^-2ba", "c^-1ba", "c^-1" ]
HY
[ 2, 1, 4, 3, 6, 5, 8, 7, 10, 9, 12, 11, 14, 13, 16, 15 ]
1313941673647
[ "y^2=x^{8}-1" ]
CN
N/A
N/A
@
F
[32,9]
[ 0, 2, 4, 8 ]
[ 6, 9, 13 ]
[ "2D", "4C-1", "8A-1" ]
[ 4, 1 ]
[ 4, 1 ]
[ 1, 1 ]
[ [ 1, 1, 5 ], [ 1, 2, 12 ] ]
[ 6900540590033, 19615115156993, 8409616184887 ]
[ [ 6, 5, 3, 4, 2, 1, 16, 15, 13, 14, 11, 12, 9, 10, 8, 7 ], [ 15, 16, 14, 13, 12, 11, 9, 10, 8, 7, 5, 6, 3, 4, 2, 1 ], [ 7, 8, 9, 10, 11, 12, 14, 13, 16, 15, 1, 2, 4, 3, 6, 5 ] ]
[ "c^-2ba", "ca", "c^-3b" ]
HY
[ 2, 1, 4, 3, 6, 5, 8, 7, 10, 9, 12, 11, 14, 13, 16, 15 ]
1313941673647
[ "y^2=x^{8}-1" ]
CN
N/A
N/A
@
F
[32,9]
[ 0, 2, 4, 8 ]
[ 5, 10, 11 ]
[ "2E", "4C1", "8A1" ]
[ 5, 1 ]
[ 5, 1 ]
[ 1, 1 ]
[ [ 1, 1, 6 ], [ 1, 2, 12 ] ]
[ 5599052968318, 4097818771073, 4117146946150 ]
[ [ 5, 6, 4, 3, 1, 2, 15, 16, 14, 13, 12, 11, 10, 9, 7, 8 ], [ 4, 3, 1, 2, 15, 16, 14, 13, 12, 11, 9, 10, 7, 8, 6, 5 ], [ 4, 3, 6, 5, 8, 7, 10, 9, 12, 11, 13, 14, 16, 15, 1, 2 ] ]
[ "c^-2a", "c^-1a", "c^-1" ]
HY
[ 2, 1, 4, 3, 6, 5, 8, 7, 10, 9, 12, 11, 14, 13, 16, 15 ]
1313941673647
[ "y^2=x^{8}-1" ]
CN
N/A
N/A
@
F
[32,9]
[ 0, 2, 4, 8 ]
[ 5, 10, 13 ]
[ "2E", "4C1", "8A-1" ]
[ 6, 1 ]
[ 6, 1 ]
[ 1, 1 ]
[ [ 1, 1, 6 ], [ 1, 2, 12 ] ]
[ 5599052968318, 20916522945358, 8409616184887 ]
[ [ 5, 6, 4, 3, 1, 2, 15, 16, 14, 13, 12, 11, 10, 9, 7, 8 ], [ 16, 15, 13, 14, 11, 12, 10, 9, 7, 8, 6, 5, 4, 3, 1, 2 ], [ 7, 8, 9, 10, 11, 12, 14, 13, 16, 15, 1, 2, 4, 3, 6, 5 ] ]
[ "c^-2a", "cba", "c^-3b" ]
HY
[ 2, 1, 4, 3, 6, 5, 8, 7, 10, 9, 12, 11, 14, 13, 16, 15 ]
1313941673647
[ "y^2=x^{8}-1" ]
CN
N/A
N/A
@
F
[32,9]
[ 0, 2, 4, 8 ]
[ 5, 9, 14 ]
[ "2E", "4C-1", "8A3" ]
[ 7, 1 ]
[ 7, 1 ]
[ 1, 1 ]
[ [ 1, 1, 6 ], [ 1, 2, 12 ] ]
[ 5599052968318, 2796410972878, 2803205272745 ]
[ [ 5, 6, 4, 3, 1, 2, 15, 16, 14, 13, 12, 11, 10, 9, 7, 8 ], [ 3, 4, 2, 1, 16, 15, 13, 14, 11, 12, 10, 9, 8, 7, 5, 6 ], [ 3, 4, 5, 6, 7, 8, 9, 10, 11, 12, 14, 13, 15, 16, 2, 1 ] ]
[ "c^-2a", "c^-1ba", "c^-1b" ]
HY
[ 2, 1, 4, 3, 6, 5, 8, 7, 10, 9, 12, 11, 14, 13, 16, 15 ]
1313941673647
[ "y^2=x^{8}-1" ]
CN
N/A
N/A
@
F
[32,9]
[ 0, 2, 4, 8 ]
[ 5, 9, 12 ]
[ "2E", "4C-1", "8A-3" ]
[ 8, 1 ]
[ 8, 1 ]
[ 1, 1 ]
[ [ 1, 1, 6 ], [ 1, 2, 12 ] ]
[ 5599052968318, 19615115156993, 9723557122680 ]
[ [ 5, 6, 4, 3, 1, 2, 15, 16, 14, 13, 12, 11, 10, 9, 7, 8 ], [ 15, 16, 14, 13, 12, 11, 9, 10, 8, 7, 5, 6, 3, 4, 2, 1 ], [ 8, 7, 10, 9, 12, 11, 13, 14, 15, 16, 2, 1, 3, 4, 5, 6 ] ]
[ "c^-2a", "ca", "c^-3" ]
HY
[ 2, 1, 4, 3, 6, 5, 8, 7, 10, 9, 12, 11, 14, 13, 16, 15 ]
1313941673647
[ "y^2=x^{8}-1" ]
CN
N/A
N/A
@
F
[48,48]
[ 0, 2, 4, 6 ]
[ 6, 9, 10 ]
[ "2D", "4B", "6A" ]
[ 1, 1 ]
[ 1, 1 ]
[ 1, 1 ]
[ [ 1, 3, 8 ] ]
[ 572, 329, 257 ]
[ [ 5, 4, 6, 2, 1, 3 ], [ 3, 5, 4, 6, 2, 1 ], [ 3, 1, 5, 6, 4, 2 ] ]
[ "db^5a", "db^4a", "dcb" ]
HY
[ 4, 5, 6, 1, 2, 3 ]
450
[ "y^2=x^8+14x^4+1" ]
CN
N/A
N/A
@
F
[48,48]
[ 0, 2, 4, 6 ]
[ 5, 8, 10 ]
[ "2E", "4A", "6A" ]
[ 2, 1 ]
[ 2, 1 ]
[ 1, 1 ]
[ [ 1, 3, 9 ] ]
[ 566, 625, 298 ]
[ [ 5, 4, 3, 2, 1, 6 ], [ 6, 2, 1, 3, 5, 4 ], [ 3, 4, 2, 6, 1, 5 ] ]
[ "b^2a", "dba", "cb" ]
HY
[ 4, 5, 6, 1, 2, 3 ]
450
[ "y^2=x^8+14x^4+1" ]
CN
N/A
N/A
@
F
[48,33]
[ 0, 2, 3, 12 ]
[ 3, 5, 11 ]
[ "2B", "3A1", "12A-1" ]
[ 1, 1 ]
[ 1, 1 ]
[ 1, 1 ]
[ [ 1, 1, 4 ], [ 1, 2, 7 ] ]
[ 16784997442416, 6900935754545, 15303055650487 ]
[ [ 13, 14, 8, 7, 10, 9, 4, 3, 6, 5, 15, 16, 1, 2, 11, 12 ], [ 6, 5, 3, 4, 15, 16, 13, 14, 9, 10, 7, 8, 11, 12, 2, 1 ], [ 12, 11, 8, 7, 14, 13, 15, 16, 6, 5, 1, 2, 4, 3, 10, 9 ] ]
[ "cba^3", "b^-2ca^4", "a^5" ]
HN
N/A
N/A
N/A
CY
[ 16, 15, 3, 4, 2, 1, 11, 12, 9, 10, 13, 14, 7, 8, 5, 6 ]
20849066001232
@
F
[48,33]
[ 0, 2, 3, 12 ]
[ 3, 5, 13 ]
[ "2B", "3A1", "12A5" ]
[ 2, 1 ]
[ 2, 1 ]
[ 1, 1 ]
[ [ 1, 1, 4 ], [ 1, 2, 7 ] ]
[ 16784997442416, 80513838599, 16792268739697 ]
[ [ 13, 14, 8, 7, 10, 9, 4, 3, 6, 5, 15, 16, 1, 2, 11, 12 ], [ 1, 2, 15, 16, 4, 3, 9, 10, 14, 13, 11, 12, 8, 7, 6, 5 ], [ 13, 14, 9, 10, 12, 11, 2, 1, 4, 3, 15, 16, 5, 6, 8, 7 ] ]
[ "cba^3", "a^4", "b^-2cba^5" ]
HN
N/A
N/A
N/A
CY
[ 16, 15, 3, 4, 2, 1, 11, 12, 9, 10, 13, 14, 7, 8, 5, 6 ]
20849066001232
@
F
[48,33]
[ 0, 2, 3, 12 ]
[ 3, 4, 14 ]
[ "2B", "3A-1", "12A1" ]
[ 3, 1 ]
[ 3, 1 ]
[ 1, 1 ]
[ [ 1, 1, 4 ], [ 1, 2, 7 ] ]
[ 16784997442416, 20849066001232, 11205545719097 ]
[ [ 13, 14, 8, 7, 10, 9, 4, 3, 6, 5, 15, 16, 1, 2, 11, 12 ], [ 16, 15, 3, 4, 2, 1, 11, 12, 9, 10, 13, 14, 7, 8, 5, 6 ], [ 9, 10, 8, 7, 11, 12, 1, 2, 6, 5, 4, 3, 15, 16, 14, 13 ] ]
[ "cba^3", "b^-2cba^2", "ba" ]
HN
N/A
N/A
N/A
CY
[ 16, 15, 3, 4, 2, 1, 11, 12, 9, 10, 13, 14, 7, 8, 5, 6 ]
20849066001232
@
F
[48,33]
[ 0, 2, 3, 12 ]
[ 3, 4, 12 ]
[ "2B", "3A-1", "12A-5" ]
[ 4, 1 ]
[ 4, 1 ]
[ 1, 1 ]
[ [ 1, 1, 4 ], [ 1, 2, 7 ] ]
[ 16784997442416, 20118038998, 16805555389296 ]
[ [ 13, 14, 8, 7, 10, 9, 4, 3, 6, 5, 15, 16, 1, 2, 11, 12 ], [ 1, 2, 6, 5, 16, 15, 14, 13, 7, 8, 11, 12, 10, 9, 3, 4 ], [ 13, 14, 11, 12, 7, 8, 6, 5, 2, 1, 15, 16, 3, 4, 9, 10 ] ]
[ "cba^3", "b^-2a^2", "b^-2cba" ]
HN
N/A
N/A
N/A
CY
[ 16, 15, 3, 4, 2, 1, 11, 12, 9, 10, 13, 14, 7, 8, 5, 6 ]
20849066001232
@
F
[96,64]
[ 0, 2, 3, 8 ]
[ 3, 4, 9 ]
[ "2B", "3A", "8A1" ]
[ 1, 1 ]
[ 1, 1 ]
[ 1, 1 ]
[ [ 1, 3, 7 ] ]
[ 189626916, 43591107, 93401722 ]
[ [ 5, 10, 3, 8, 1, 6, 11, 4, 9, 2, 7, 12 ], [ 2, 3, 1, 5, 6, 4, 8, 9, 7, 11, 12, 10 ], [ 3, 5, 10, 6, 8, 1, 9, 11, 4, 12, 2, 7 ] ]
[ "b^2a", "dc^-1b^2", "d^-1ba" ]
HN
N/A
N/A
N/A
CN
N/A
N/A
@
F
[96,64]
[ 0, 2, 3, 8 ]
[ 3, 4, 10 ]
[ "2B", "3A", "8A-1" ]
[ 2, 1 ]
[ 2, 1 ]
[ 1, 1 ]
[ [ 1, 3, 7 ] ]
[ 189626916, 305138172, 113346401 ]
[ [ 5, 10, 3, 8, 1, 6, 11, 4, 9, 2, 7, 12 ], [ 8, 9, 1, 11, 12, 4, 2, 3, 7, 5, 6, 10 ], [ 3, 11, 4, 6, 2, 7, 9, 5, 10, 12, 8, 1 ] ]
[ "b^2a", "d^-1cb^2", "dba" ]
HN
N/A
N/A
N/A
CN
N/A
N/A
@
F
[168,42]
[ 0, 2, 3, 7 ]
[ 2, 3, 6 ]
[ "2A", "3A", "7A1" ]
[ 1, 1 ]
[ 1, 1 ]
[ 1, 1 ]
[ [ 1, 3, 2 ] ]
[ 726, 1913, 4963 ]
[ [ 2, 1, 3, 5, 4, 6, 7 ], [ 3, 5, 7, 4, 6, 2, 1 ], [ 7, 6, 2, 5, 1, 4, 3 ] ]
Nonsolvable
HN
N/A
N/A
N/A
CN
N/A
N/A
@
F
[168,42]
[ 0, 2, 3, 7 ]
[ 2, 3, 5 ]
[ "2A", "3A", "7A-1" ]
[ 2, 1 ]
[ 2, 1 ]
[ 1, 1 ]
[ [ 1, 3, 2 ] ]
[ 726, 3018, 1477 ]
[ [ 2, 1, 3, 5, 4, 6, 7 ], [ 5, 2, 1, 7, 3, 4, 6 ], [ 3, 1, 4, 6, 2, 7, 5 ] ]
Nonsolvable
HN
N/A
N/A
N/A
CN
N/A
N/A
@
NF
[4,1]
[ 0, 4, 4, 4, 4 ]
[ 3, 3, 3, 3 ]
[ "4A1", "4A1", "4A1", "4A1" ]
[ 1, 1 ]
[ 1, 1 ]
[ 1, 1 ]
[ [ 2, 1, 2 ], [ 1, 1, 3 ] ]
[ 9, 9, 9, 9 ]
[ [ 2, 3, 4, 1 ], [ 2, 3, 4, 1 ], [ 2, 3, 4, 1 ], [ 2, 3, 4, 1 ] ]
[ "a", "a", "a", "a" ]
[16,13]
[ 0, 2, 2, 2, 4 ]
@
NF
[4,1]
[ 0, 4, 4, 4, 4 ]
[ 4, 4, 4, 4 ]
[ "4A-1", "4A-1", "4A-1", "4A-1" ]
[ 3, 1 ]
[ 3, 1 ]
[ 1, 1 ]
[ [ 2, 1, 2 ], [ 1, 1, 3 ] ]
[ 18, 18, 18, 18 ]
[ [ 4, 1, 2, 3 ], [ 4, 1, 2, 3 ], [ 4, 1, 2, 3 ], [ 4, 1, 2, 3 ] ]
[ "a^-1", "a^-1", "a^-1", "a^-1" ]
[16,13]
[ 0, 2, 2, 2, 4 ]
@
NF
[6,2]
[ 0, 2, 2, 6, 6 ]
[ 2, 2, 5, 6 ]
[ "2A", "2A", "6A1", "6A-1" ]
[ 1, 1 ]
[ 1, 1 ]
[ 1, 1 ]
[ [ 1, 1, 2 ], [ 2, 1, 4 ] ]
[ 450, 450, 153, 600 ]
[ [ 4, 5, 6, 1, 2, 3 ], [ 4, 5, 6, 1, 2, 3 ], [ 2, 3, 4, 5, 6, 1 ], [ 6, 1, 2, 3, 4, 5 ] ]
[ "a^3", "a^3", "a^5", "a" ]
[12,4]
[ 0, 2, 2, 2, 6 ]
@
NF
[7,1]
[ 0, 7, 7, 7 ]
[ 2, 2, 6 ]
[ "7A-1", "7A-1", "7A-2" ]
[ 1, 1 ]
[ 1, 1 ]
[ 1, 1 ]
[ [ 3, 1, 2 ] ]
[ 873, 873, 4200 ]
[ [ 2, 3, 4, 5, 6, 7, 1 ], [ 2, 3, 4, 5, 6, 7, 1 ], [ 6, 7, 1, 2, 3, 4, 5 ] ]
[ "a", "a", "a^5" ]
[14,2]
[ 0, 2, 7, 14 ]
@
NF
[7,1]
[ 0, 7, 7, 7 ]
[ 2, 3, 5 ]
[ "7A-1", "7A2", "7A-3" ]
[ 2, 1 ]
[ 2, 1 ]
[ 2, 1 ]
[ [ 3, 1, 2 ] ]
[ 873, 1744, 3456 ]
[ [ 2, 3, 4, 5, 6, 7, 1 ], [ 3, 4, 5, 6, 7, 1, 2 ], [ 5, 6, 7, 1, 2, 3, 4 ] ]
[ "a", "a^2", "a^4" ]
[168,42]
[ 0, 2, 3, 7 ]
@
NF
[7,1]
[ 0, 7, 7, 7 ]
[ 2, 4, 4 ]
[ "7A-1", "7A3", "7A3" ]
[ 3, 1 ]
[ 3, 1 ]
[ 1, 1 ]
[ [ 3, 1, 2 ] ]
[ 873, 2610, 2610 ]
[ [ 2, 3, 4, 5, 6, 7, 1 ], [ 4, 5, 6, 7, 1, 2, 3 ], [ 4, 5, 6, 7, 1, 2, 3 ] ]
[ "a", "a^3", "a^3" ]
[14,2]
[ 0, 2, 7, 14 ]
@
NF
[7,1]
[ 0, 7, 7, 7 ]
[ 3, 7, 7 ]
[ "7A2", "7A1", "7A1" ]
[ 4, 1 ]
[ 4, 1 ]
[ 1, 1 ]
[ [ 3, 1, 2 ] ]
[ 1744, 4320, 4320 ]
[ [ 3, 4, 5, 6, 7, 1, 2 ], [ 7, 1, 2, 3, 4, 5, 6 ], [ 7, 1, 2, 3, 4, 5, 6 ] ]
[ "a^2", "a^6", "a^6" ]
[14,2]
[ 0, 2, 7, 14 ]
@
NF
[7,1]
[ 0, 7, 7, 7 ]
[ 3, 3, 4 ]
[ "7A2", "7A2", "7A3" ]
[ 5, 1 ]
[ 5, 1 ]
[ 1, 1 ]
[ [ 3, 1, 2 ] ]
[ 1744, 1744, 2610 ]
[ [ 3, 4, 5, 6, 7, 1, 2 ], [ 3, 4, 5, 6, 7, 1, 2 ], [ 4, 5, 6, 7, 1, 2, 3 ] ]
[ "a^2", "a^2", "a^3" ]
[14,2]
[ 0, 2, 7, 14 ]
@
NF
[7,1]
[ 0, 7, 7, 7 ]
[ 4, 6, 7 ]
[ "7A3", "7A-2", "7A1" ]
[ 6, 1 ]
[ 6, 1 ]
[ 2, 1 ]
[ [ 3, 1, 2 ] ]
[ 2610, 4200, 4320 ]
[ [ 4, 5, 6, 7, 1, 2, 3 ], [ 6, 7, 1, 2, 3, 4, 5 ], [ 7, 1, 2, 3, 4, 5, 6 ] ]
[ "a^3", "a^5", "a^6" ]
[168,42]
[ 0, 2, 3, 7 ]
@
NF
[7,1]
[ 0, 7, 7, 7 ]
[ 5, 6, 6 ]
[ "7A-3", "7A-2", "7A-2" ]
[ 7, 1 ]
[ 7, 1 ]
[ 1, 1 ]
[ [ 3, 1, 2 ] ]
[ 3456, 4200, 4200 ]
[ [ 5, 6, 7, 1, 2, 3, 4 ], [ 6, 7, 1, 2, 3, 4, 5 ], [ 6, 7, 1, 2, 3, 4, 5 ] ]
[ "a^4", "a^5", "a^5" ]
[14,2]
[ 0, 2, 7, 14 ]
@
NF
[7,1]
[ 0, 7, 7, 7 ]
[ 5, 5, 7 ]
[ "7A-3", "7A-3", "7A1" ]
[ 8, 1 ]
[ 8, 1 ]
[ 1, 1 ]
[ [ 3, 1, 2 ] ]
[ 3456, 3456, 4320 ]
[ [ 5, 6, 7, 1, 2, 3, 4 ], [ 5, 6, 7, 1, 2, 3, 4 ], [ 7, 1, 2, 3, 4, 5, 6 ] ]
[ "a^4", "a^4", "a^6" ]
[14,2]
[ 0, 2, 7, 14 ]
@
NF
[8,1]
[ 0, 4, 8, 8 ]
[ 3, 6, 6 ]
[ "4A1", "8A1", "8A1" ]
[ 1, 1 ]
[ 1, 1 ]
[ 1, 1 ]
[ [ 2, 1, 2 ], [ 1, 1, 3 ] ]
[ 11824, 17730, 17730 ]
[ [ 3, 4, 5, 6, 7, 8, 1, 2 ], [ 4, 5, 6, 7, 8, 1, 2, 3 ], [ 4, 5, 6, 7, 8, 1, 2, 3 ] ]
[ "a^2", "a^3", "a^3" ]
[32,9]
[ 0, 2, 4, 8 ]
@
NF
[8,1]
[ 0, 4, 8, 8 ]
[ 3, 5, 7 ]
[ "4A1", "8A3", "8A-1" ]
[ 2, 1 ]
[ 2, 1 ]
[ 2, 1 ]
[ [ 2, 1, 2 ], [ 1, 1, 3 ] ]
[ 11824, 5913, 29400 ]
[ [ 3, 4, 5, 6, 7, 8, 1, 2 ], [ 2, 3, 4, 5, 6, 7, 8, 1 ], [ 6, 7, 8, 1, 2, 3, 4, 5 ] ]
[ "a^2", "a", "a^-3" ]
[32,11]
[ 0, 2, 4, 8 ]
@
NF
[8,1]
[ 0, 4, 8, 8 ]
[ 3, 8, 8 ]
[ "4A1", "8A-3", "8A-3" ]
[ 3, 1 ]
[ 3, 1 ]
[ 1, 1 ]
[ [ 2, 1, 2 ], [ 1, 1, 3 ] ]
[ 11824, 35280, 35280 ]
[ [ 3, 4, 5, 6, 7, 8, 1, 2 ], [ 8, 1, 2, 3, 4, 5, 6, 7 ], [ 8, 1, 2, 3, 4, 5, 6, 7 ] ]
[ "a^2", "a^-1", "a^-1" ]
[32,9]
[ 0, 2, 4, 8 ]
@
NF
[8,1]
[ 0, 4, 8, 8 ]
[ 4, 6, 8 ]
[ "4A-1", "8A1", "8A-3" ]
[ 4, 1 ]
[ 4, 1 ]
[ 2, 1 ]
[ [ 2, 1, 2 ], [ 1, 1, 3 ] ]
[ 34560, 17730, 35280 ]
[ [ 7, 8, 1, 2, 3, 4, 5, 6 ], [ 4, 5, 6, 7, 8, 1, 2, 3 ], [ 8, 1, 2, 3, 4, 5, 6, 7 ] ]
[ "a^-2", "a^3", "a^-1" ]
[32,11]
[ 0, 2, 4, 8 ]
@
NF
[8,1]
[ 0, 4, 8, 8 ]
[ 4, 7, 7 ]
[ "4A-1", "8A-1", "8A-1" ]
[ 5, 1 ]
[ 5, 1 ]
[ 1, 1 ]
[ [ 2, 1, 2 ], [ 1, 1, 3 ] ]
[ 34560, 29400, 29400 ]
[ [ 7, 8, 1, 2, 3, 4, 5, 6 ], [ 6, 7, 8, 1, 2, 3, 4, 5 ], [ 6, 7, 8, 1, 2, 3, 4, 5 ] ]
[ "a^-2", "a^-3", "a^-3" ]
[32,9]
[ 0, 2, 4, 8 ]
@
NF
[8,1]
[ 0, 4, 8, 8 ]
[ 4, 5, 5 ]
[ "4A-1", "8A3", "8A3" ]
[ 6, 1 ]
[ 6, 1 ]
[ 1, 1 ]
[ [ 2, 1, 2 ], [ 1, 1, 3 ] ]
[ 34560, 5913, 5913 ]
[ [ 7, 8, 1, 2, 3, 4, 5, 6 ], [ 2, 3, 4, 5, 6, 7, 8, 1 ], [ 2, 3, 4, 5, 6, 7, 8, 1 ] ]
[ "a^-2", "a", "a" ]
[32,9]
[ 0, 2, 4, 8 ]
@
NF
[8,2]
[ 0, 2, 2, 4, 4 ]
[ 3, 3, 7, 8 ]
[ "2B", "2B", "4A1", "4B-1" ]
[ 5, 1 ]
[ 5, 1 ]
[ 5, 1 ]
[ [ 1, 1, 2 ], [ 2, 1, 3 ] ]
[ 23616, 23616, 29161, 17706 ]
[ [ 5, 6, 7, 8, 1, 2, 3, 4 ], [ 5, 6, 7, 8, 1, 2, 3, 4 ], [ 6, 7, 4, 1, 2, 3, 8, 5 ], [ 4, 5, 6, 3, 8, 1, 2, 7 ] ]
[ "a", "a", "ba", "b^-1a" ]
[16,11]
[ 0, 2, 2, 2, 4 ]
@
NF
[8,2]
[ 0, 2, 2, 4, 4 ]
[ 3, 3, 5, 6 ]
[ "2B", "2B", "4A-1", "4B1" ]
[ 6, 1 ]
[ 6, 1 ]
[ 5, 1 ]
[ [ 2, 1, 3 ], [ 1, 1, 6 ] ]
[ 23616, 23616, 6425, 35385 ]
[ [ 5, 6, 7, 8, 1, 2, 3, 4 ], [ 5, 6, 7, 8, 1, 2, 3, 4 ], [ 2, 3, 8, 5, 6, 7, 4, 1 ], [ 8, 1, 2, 7, 4, 5, 6, 3 ] ]
[ "a", "a", "b", "b^-1" ]
[16,11]
[ 0, 2, 2, 2, 4 ]
@
NF
[8,2]
[ 0, 2, 2, 4, 4 ]
[ 3, 4, 7, 7 ]
[ "2B", "2C", "4A1", "4A1" ]
[ 7, 1 ]
[ 7, 1 ]
[ 7, 1 ]
[ [ 1, 1, 2 ], [ 1, 1, 3 ], [ 1, 1, 4 ] ]
[ 23616, 32794, 29161, 29161 ]
[ [ 5, 6, 7, 8, 1, 2, 3, 4 ], [ 7, 4, 5, 2, 3, 8, 1, 6 ], [ 6, 7, 4, 1, 2, 3, 8, 5 ], [ 6, 7, 4, 1, 2, 3, 8, 5 ] ]
[ "a", "b^-2a", "ba", "ba" ]
[16,13]
[ 0, 2, 2, 2, 4 ]
@
NF
[8,2]
[ 0, 2, 2, 4, 4 ]
[ 3, 4, 5, 5 ]
[ "2B", "2C", "4A-1", "4A-1" ]
[ 8, 1 ]
[ 8, 1 ]
[ 7, 1 ]
[ [ 1, 1, 3 ], [ 1, 1, 4 ], [ 1, 1, 6 ] ]
[ 23616, 32794, 6425, 6425 ]
[ [ 5, 6, 7, 8, 1, 2, 3, 4 ], [ 7, 4, 5, 2, 3, 8, 1, 6 ], [ 2, 3, 8, 5, 6, 7, 4, 1 ], [ 2, 3, 8, 5, 6, 7, 4, 1 ] ]
[ "a", "b^-2a", "b", "b" ]
[16,13]
[ 0, 2, 2, 2, 4 ]
@
NF
[8,2]
[ 0, 2, 2, 4, 4 ]
[ 3, 4, 6, 6 ]
[ "2B", "2C", "4B1", "4B1" ]
[ 9, 1 ]
[ 9, 1 ]
[ 7, 1 ]
[ [ 1, 1, 3 ], [ 1, 1, 4 ], [ 1, 1, 6 ] ]
[ 23616, 32794, 35385, 35385 ]
[ [ 5, 6, 7, 8, 1, 2, 3, 4 ], [ 7, 4, 5, 2, 3, 8, 1, 6 ], [ 8, 1, 2, 7, 4, 5, 6, 3 ], [ 8, 1, 2, 7, 4, 5, 6, 3 ] ]
[ "a", "b^-2a", "b^-1", "b^-1" ]
[16,13]
[ 0, 2, 2, 2, 4 ]
@
NF
[8,2]
[ 0, 2, 2, 4, 4 ]
[ 3, 4, 8, 8 ]
[ "2B", "2C", "4B-1", "4B-1" ]
[ 10, 1 ]
[ 10, 1 ]
[ 7, 1 ]
[ [ 1, 1, 2 ], [ 1, 1, 3 ], [ 1, 1, 4 ] ]
[ 23616, 32794, 17706, 17706 ]
[ [ 5, 6, 7, 8, 1, 2, 3, 4 ], [ 7, 4, 5, 2, 3, 8, 1, 6 ], [ 4, 5, 6, 3, 8, 1, 2, 7 ], [ 4, 5, 6, 3, 8, 1, 2, 7 ] ]
[ "a", "b^-2a", "b^-1a", "b^-1a" ]
[16,13]
[ 0, 2, 2, 2, 4 ]
@
NF
[8,2]
[ 0, 2, 2, 4, 4 ]
[ 4, 4, 7, 8 ]
[ "2C", "2C", "4A1", "4B-1" ]
[ 11, 1 ]
[ 11, 1 ]
[ 5, 1 ]
[ [ 1, 1, 2 ], [ 2, 1, 4 ] ]
[ 32794, 32794, 29161, 17706 ]
[ [ 7, 4, 5, 2, 3, 8, 1, 6 ], [ 7, 4, 5, 2, 3, 8, 1, 6 ], [ 6, 7, 4, 1, 2, 3, 8, 5 ], [ 4, 5, 6, 3, 8, 1, 2, 7 ] ]
[ "b^-2a", "b^-2a", "ba", "b^-1a" ]
[16,11]
[ 0, 2, 2, 2, 4 ]
@
NF
[8,2]
[ 0, 2, 2, 4, 4 ]
[ 4, 4, 5, 6 ]
[ "2C", "2C", "4A-1", "4B1" ]
[ 12, 1 ]
[ 12, 1 ]
[ 5, 1 ]
[ [ 2, 1, 4 ], [ 1, 1, 6 ] ]
[ 32794, 32794, 6425, 35385 ]
[ [ 7, 4, 5, 2, 3, 8, 1, 6 ], [ 7, 4, 5, 2, 3, 8, 1, 6 ], [ 2, 3, 8, 5, 6, 7, 4, 1 ], [ 8, 1, 2, 7, 4, 5, 6, 3 ] ]
[ "b^-2a", "b^-2a", "b", "b^-1" ]
[16,11]
[ 0, 2, 2, 2, 4 ]
@
NF
[8,3]
[ 0, 2, 2, 4, 4 ]
[ 3, 3, 5, 5 ]
[ "2B", "2B", "4A", "4A" ]
[ 1, 1 ]
[ 1, 1 ]
[ 1, 1 ]
[ [ 1, 1, 2 ], [ 1, 2, 5 ] ]
[ 14, 5, 9, 9 ]
[ [ 3, 2, 1, 4 ], [ 1, 4, 3, 2 ], [ 2, 3, 4, 1 ], [ 2, 3, 4, 1 ] ]
[ "b^-2a", "a", "b", "b" ]
[16,11]
[ 0, 2, 2, 2, 4 ]
@
NF
[8,3]
[ 0, 2, 2, 4, 4 ]
[ 3, 3, 5, 5 ]
[ "2B", "2B", "4A", "4A" ]
[ 1, 2 ]
[ 1, 1 ]
[ 1, 1 ]
[ [ 1, 1, 2 ], [ 1, 2, 5 ] ]
[ 14, 14, 9, 18 ]
[ [ 3, 2, 1, 4 ], [ 3, 2, 1, 4 ], [ 2, 3, 4, 1 ], [ 4, 1, 2, 3 ] ]
[ "b^-2a", "b^-2a", "b", "b^-1" ]
[16,11]
[ 0, 2, 2, 2, 4 ]
@
NF
[8,3]
[ 0, 2, 2, 4, 4 ]
[ 4, 4, 5, 5 ]
[ "2C", "2C", "4A", "4A" ]
[ 2, 1 ]
[ 2, 1 ]
[ 1, 1 ]
[ [ 1, 1, 3 ], [ 1, 2, 5 ] ]
[ 23, 7, 9, 9 ]
[ [ 4, 3, 2, 1 ], [ 2, 1, 4, 3 ], [ 2, 3, 4, 1 ], [ 2, 3, 4, 1 ] ]
[ "b^-1a", "ba", "b", "b" ]
[16,11]
[ 0, 2, 2, 2, 4 ]
@
NF
[8,3]
[ 0, 2, 2, 4, 4 ]
[ 4, 4, 5, 5 ]
[ "2C", "2C", "4A", "4A" ]
[ 2, 2 ]
[ 2, 1 ]
[ 1, 1 ]
[ [ 1, 1, 3 ], [ 1, 2, 5 ] ]
[ 23, 23, 9, 18 ]
[ [ 4, 3, 2, 1 ], [ 4, 3, 2, 1 ], [ 2, 3, 4, 1 ], [ 4, 1, 2, 3 ] ]
[ "b^-1a", "b^-1a", "b", "b^-1" ]
[16,11]
[ 0, 2, 2, 2, 4 ]
@
NF
[12,1]
[ 0, 4, 4, 6 ]
[ 5, 5, 6 ]
[ "4A1", "4A1", "6A" ]
[ 1, 1 ]
[ 1, 1 ]
[ 1, 1 ]
[ [ 1, 1, 3 ], [ 2, 1, 5 ] ]
[ 61479010, 368704995, 435456000 ]
[ [ 2, 7, 12, 5, 10, 3, 8, 1, 6, 11, 4, 9 ], [ 10, 3, 8, 1, 6, 11, 4, 9, 2, 7, 12, 5 ], [ 11, 12, 1, 2, 3, 4, 5, 6, 7, 8, 9, 10 ] ]
[ "a^-1", "ba^-1", "b^2a^-2" ]
[24,5]
[ 0, 2, 4, 12 ]
@
NF
[12,1]
[ 0, 4, 4, 6 ]
[ 4, 4, 6 ]
[ "4A-1", "4A-1", "6A" ]
[ 2, 1 ]
[ 2, 1 ]
[ 1, 1 ]
[ [ 1, 1, 3 ], [ 2, 1, 5 ] ]
[ 281164389, 145713396, 435456000 ]
[ [ 8, 1, 6, 11, 4, 9, 2, 7, 12, 5, 10, 3 ], [ 4, 9, 2, 7, 12, 5, 10, 3, 8, 1, 6, 11 ], [ 11, 12, 1, 2, 3, 4, 5, 6, 7, 8, 9, 10 ] ]
[ "a", "ba", "b^2a^-2" ]
[24,5]
[ 0, 2, 4, 12 ]
@
NF
[12,2]
[ 0, 2, 12, 12 ]
[ 2, 9, 10 ]
[ "2A", "12A-1", "12A-5" ]
[ 1, 1 ]
[ 1, 1 ]
[ 1, 1 ]
[ [ 1, 1, 2 ], [ 2, 1, 6 ] ]
[ 263727360, 307676880, 439084800 ]
[ [ 7, 8, 9, 10, 11, 12, 1, 2, 3, 4, 5, 6 ], [ 8, 9, 10, 11, 12, 1, 2, 3, 4, 5, 6, 7 ], [ 12, 1, 2, 3, 4, 5, 6, 7, 8, 9, 10, 11 ] ]
[ "a^6", "a^5", "a" ]
[24,5]
[ 0, 2, 4, 12 ]
@
NF
[12,2]
[ 0, 2, 12, 12 ]
[ 2, 11, 12 ]
[ "2A", "12A5", "12A1" ]
[ 2, 1 ]
[ 2, 1 ]
[ 1, 1 ]
[ [ 1, 1, 2 ], [ 2, 1, 6 ] ]
[ 263727360, 43954713, 219773400 ]
[ [ 7, 8, 9, 10, 11, 12, 1, 2, 3, 4, 5, 6 ], [ 2, 3, 4, 5, 6, 7, 8, 9, 10, 11, 12, 1 ], [ 6, 7, 8, 9, 10, 11, 12, 1, 2, 3, 4, 5 ] ]
[ "a^6", "a^11", "a^7" ]
[24,5]
[ 0, 2, 4, 12 ]
@
NF
[12,3]
[ 0, 2, 2, 3, 3 ]
[ 2, 2, 3, 4 ]
[ "2A", "2A", "3A-1", "3A1" ]
[ 1, 1 ]
[ 1, 1 ]
[ 1, 1 ]
[ [ 1, 3, 4 ] ]
[ 7, 23, 8, 3 ]
[ [ 2, 1, 4, 3 ], [ 4, 3, 2, 1 ], [ 2, 3, 1, 4 ], [ 1, 3, 4, 2 ] ]
[ "c", "b", "ca^2", "a" ]
[24,12]
[ 0, 2, 2, 2, 3 ]
@
NF
[12,3]
[ 0, 2, 2, 3, 3 ]
[ 2, 2, 3, 4 ]
[ "2A", "2A", "3A-1", "3A1" ]
[ 1, 2 ]
[ 1, 1 ]
[ 1, 1 ]
[ [ 1, 3, 4 ] ]
[ 7, 7, 8, 12 ]
[ [ 2, 1, 4, 3 ], [ 2, 1, 4, 3 ], [ 2, 3, 1, 4 ], [ 3, 1, 2, 4 ] ]
[ "c", "c", "ca^2", "cba" ]
[24,12]
[ 0, 2, 2, 2, 3 ]
@
NF
[12,3]
[ 0, 2, 2, 3, 3 ]
[ 2, 2, 3, 4 ]
[ "2A", "2A", "3A-1", "3A1" ]
[ 1, 3 ]
[ 1, 1 ]
[ 1, 1 ]
[ [ 1, 3, 4 ] ]
[ 7, 16, 8, 11 ]
[ [ 2, 1, 4, 3 ], [ 3, 4, 1, 2 ], [ 2, 3, 1, 4 ], [ 2, 4, 3, 1 ] ]
[ "c", "cb", "ca^2", "ca" ]
[24,12]
[ 0, 2, 2, 2, 3 ]
@
NF
[16,2]
[ 0, 4, 4, 4 ]
[ 12, 14, 15 ]
[ "4A1", "4D-1", "4D1" ]
[ 1, 1 ]
[ 1, 1 ]
[ 1, 1 ]
[ [ 1, 1, 2 ], [ 1, 1, 5 ], [ 1, 1, 8 ] ]
[ 4111269103432, 12520535691000, 9723556684207 ]
[ [ 4, 3, 5, 6, 16, 15, 10, 9, 11, 12, 14, 13, 7, 8, 1, 2 ], [ 10, 9, 11, 12, 14, 13, 16, 15, 1, 2, 4, 3, 5, 6, 7, 8 ], [ 8, 7, 10, 9, 12, 11, 6, 5, 16, 15, 2, 1, 4, 3, 14, 13 ] ]
[ "ba^-1", "b^-2a^-1", "ba^-2" ]
[96,64]
[ 0, 2, 3, 8 ]
@
NF
[16,2]
[ 0, 4, 4, 4 ]
[ 6, 7, 12 ]
[ "4A-1", "4B1", "4A1" ]
[ 2, 1 ]
[ 2, 1 ]
[ 1, 1 ]
[ [ 1, 1, 7 ], [ 1, 1, 8 ], [ 1, 1, 10 ] ]
[ 14015848089616, 16784957162743, 4111269103432 ]
[ [ 11, 12, 13, 14, 7, 8, 1, 2, 3, 4, 5, 6, 15, 16, 9, 10 ], [ 13, 14, 8, 7, 9, 10, 3, 4, 6, 5, 15, 16, 2, 1, 12, 11 ], [ 4, 3, 5, 6, 16, 15, 10, 9, 11, 12, 14, 13, 7, 8, 1, 2 ] ]
[ "b^-1", "a", "ba^-1" ]
[96,64]
[ 0, 2, 3, 8 ]
@
NF
[16,2]
[ 0, 4, 4, 4 ]
[ 6, 8, 9 ]
[ "4A-1", "4C-1", "4F-1" ]
[ 3, 1 ]
[ 3, 1 ]
[ 1, 1 ]
[ [ 1, 1, 6 ], [ 1, 1, 7 ], [ 1, 1, 10 ] ]
[ 14015848089616, 18086444784696, 2809781481479 ]
[ [ 11, 12, 13, 14, 7, 8, 1, 2, 3, 4, 5, 6, 15, 16, 9, 10 ], [ 14, 13, 7, 8, 10, 9, 4, 3, 5, 6, 16, 15, 1, 2, 11, 12 ], [ 3, 4, 6, 5, 15, 16, 9, 10, 12, 11, 13, 14, 8, 7, 2, 1 ] ]
[ "b^-1", "a^-1", "ba" ]
[96,64]
[ 0, 2, 3, 8 ]
@
NF
[16,2]
[ 0, 4, 4, 4 ]
[ 6, 11, 14 ]
[ "4A-1", "4E-1", "4D-1" ]
[ 4, 1 ]
[ 4, 1 ]
[ 1, 1 ]
[ [ 1, 1, 2 ], [ 1, 1, 7 ], [ 1, 1, 8 ] ]
[ 14015848089616, 19534167492071, 12520535691000 ]
[ [ 11, 12, 13, 14, 7, 8, 1, 2, 3, 4, 5, 6, 15, 16, 9, 10 ], [ 15, 16, 2, 1, 3, 4, 13, 14, 8, 7, 9, 10, 12, 11, 6, 5 ], [ 10, 9, 11, 12, 14, 13, 16, 15, 1, 2, 4, 3, 5, 6, 7, 8 ] ]
[ "b^-1", "b^-1a", "b^-2a^-1" ]
[96,64]
[ 0, 2, 3, 8 ]
@
NF
[16,2]
[ 0, 4, 4, 4 ]
[ 6, 10, 13 ]
[ "4A-1", "4F1", "4E1" ]
[ 5, 1 ]
[ 5, 1 ]
[ 1, 1 ]
[ [ 1, 1, 2 ], [ 1, 1, 6 ], [ 1, 1, 7 ] ]
[ 14015848089616, 20835655114024, 11219048069047 ]
[ [ 11, 12, 13, 14, 7, 8, 1, 2, 3, 4, 5, 6, 15, 16, 9, 10 ], [ 16, 15, 1, 2, 4, 3, 14, 13, 7, 8, 10, 9, 11, 12, 5, 6 ], [ 9, 10, 12, 11, 13, 14, 15, 16, 2, 1, 3, 4, 6, 5, 8, 7 ] ]
[ "b^-1", "b^-1a^-1", "b^-2a" ]
[96,64]
[ 0, 2, 3, 8 ]
@
NF
[16,2]
[ 0, 4, 4, 4 ]
[ 7, 11, 15 ]
[ "4B1", "4E-1", "4D1" ]
[ 6, 1 ]
[ 6, 1 ]
[ 1, 1 ]
[ [ 1, 1, 5 ], [ 1, 1, 8 ], [ 1, 1, 10 ] ]
[ 16784957162743, 19534167492071, 9723556684207 ]
[ [ 13, 14, 8, 7, 9, 10, 3, 4, 6, 5, 15, 16, 2, 1, 12, 11 ], [ 15, 16, 2, 1, 3, 4, 13, 14, 8, 7, 9, 10, 12, 11, 6, 5 ], [ 8, 7, 10, 9, 12, 11, 6, 5, 16, 15, 2, 1, 4, 3, 14, 13 ] ]
[ "a", "b^-1a", "ba^-2" ]
[96,64]
[ 0, 2, 3, 8 ]
@
NF
[16,2]
[ 0, 4, 4, 4 ]
[ 7, 9, 16 ]
[ "4B1", "4F-1", "4C1" ]
[ 7, 1 ]
[ 7, 1 ]
[ 1, 1 ]
[ [ 1, 1, 5 ], [ 1, 1, 6 ], [ 1, 1, 10 ] ]
[ 16784957162743, 2809781481479, 15329789763263 ]
[ [ 13, 14, 8, 7, 9, 10, 3, 4, 6, 5, 15, 16, 2, 1, 12, 11 ], [ 3, 4, 6, 5, 15, 16, 9, 10, 12, 11, 13, 14, 8, 7, 2, 1 ], [ 12, 11, 14, 13, 8, 7, 2, 1, 4, 3, 6, 5, 16, 15, 10, 9 ] ]
[ "a", "ba", "b^-1a^-2" ]
[96,64]
[ 0, 2, 3, 8 ]
@
NF
[16,2]
[ 0, 4, 4, 4 ]
[ 5, 12, 13 ]
[ "4B-1", "4A1", "4E1" ]
[ 8, 1 ]
[ 8, 1 ]
[ 1, 1 ]
[ [ 1, 1, 2 ], [ 1, 1, 7 ], [ 1, 1, 8 ] ]
[ 8409615010560, 4111269103432, 11219048069047 ]
[ [ 7, 8, 9, 10, 11, 12, 5, 6, 15, 16, 1, 2, 3, 4, 13, 14 ], [ 4, 3, 5, 6, 16, 15, 10, 9, 11, 12, 14, 13, 7, 8, 1, 2 ], [ 9, 10, 12, 11, 13, 14, 15, 16, 2, 1, 3, 4, 6, 5, 8, 7 ] ]
[ "b", "ba^-1", "b^-2a" ]
[96,64]
[ 0, 2, 3, 8 ]
@
NF
[16,2]
[ 0, 4, 4, 4 ]
[ 5, 7, 10 ]
[ "4B-1", "4B1", "4F1" ]
[ 9, 1 ]
[ 9, 1 ]
[ 1, 1 ]
[ [ 1, 1, 6 ], [ 1, 1, 7 ], [ 1, 1, 10 ] ]
[ 8409615010560, 16784957162743, 20835655114024 ]
[ [ 7, 8, 9, 10, 11, 12, 5, 6, 15, 16, 1, 2, 3, 4, 13, 14 ], [ 13, 14, 8, 7, 9, 10, 3, 4, 6, 5, 15, 16, 2, 1, 12, 11 ], [ 16, 15, 1, 2, 4, 3, 14, 13, 7, 8, 10, 9, 11, 12, 5, 6 ] ]
[ "b", "a", "b^-1a^-1" ]
[96,64]
[ 0, 2, 3, 8 ]
@
NF
[16,2]
[ 0, 4, 4, 4 ]
[ 5, 8, 11 ]
[ "4B-1", "4C-1", "4E-1" ]
[ 10, 1 ]
[ 10, 1 ]
[ 1, 1 ]
[ [ 1, 1, 7 ], [ 1, 1, 8 ], [ 1, 1, 10 ] ]
[ 8409615010560, 18086444784696, 19534167492071 ]
[ [ 7, 8, 9, 10, 11, 12, 5, 6, 15, 16, 1, 2, 3, 4, 13, 14 ], [ 14, 13, 7, 8, 10, 9, 4, 3, 5, 6, 16, 15, 1, 2, 11, 12 ], [ 15, 16, 2, 1, 3, 4, 13, 14, 8, 7, 9, 10, 12, 11, 6, 5 ] ]
[ "b", "a^-1", "b^-1a" ]
[96,64]
[ 0, 2, 3, 8 ]
@
NF
[16,2]
[ 0, 4, 4, 4 ]
[ 5, 9, 14 ]
[ "4B-1", "4F-1", "4D-1" ]
[ 11, 1 ]
[ 11, 1 ]
[ 1, 1 ]
[ [ 1, 1, 2 ], [ 1, 1, 6 ], [ 1, 1, 7 ] ]
[ 8409615010560, 2809781481479, 12520535691000 ]
[ [ 7, 8, 9, 10, 11, 12, 5, 6, 15, 16, 1, 2, 3, 4, 13, 14 ], [ 3, 4, 6, 5, 15, 16, 9, 10, 12, 11, 13, 14, 8, 7, 2, 1 ], [ 10, 9, 11, 12, 14, 13, 16, 15, 1, 2, 4, 3, 5, 6, 7, 8 ] ]
[ "b", "ba", "b^-2a^-1" ]
[96,64]
[ 0, 2, 3, 8 ]
@
NF
[16,2]
[ 0, 4, 4, 4 ]
[ 8, 12, 16 ]
[ "4C-1", "4A1", "4C1" ]
[ 12, 1 ]
[ 12, 1 ]
[ 1, 1 ]
[ [ 1, 1, 5 ], [ 1, 1, 8 ], [ 1, 1, 10 ] ]
[ 18086444784696, 4111269103432, 15329789763263 ]
[ [ 14, 13, 7, 8, 10, 9, 4, 3, 5, 6, 16, 15, 1, 2, 11, 12 ], [ 4, 3, 5, 6, 16, 15, 10, 9, 11, 12, 14, 13, 7, 8, 1, 2 ], [ 12, 11, 14, 13, 8, 7, 2, 1, 4, 3, 6, 5, 16, 15, 10, 9 ] ]
[ "a^-1", "ba^-1", "b^-1a^-2" ]
[96,64]
[ 0, 2, 3, 8 ]
@
NF
[16,2]
[ 0, 4, 4, 4 ]
[ 8, 10, 15 ]
[ "4C-1", "4F1", "4D1" ]
[ 13, 1 ]
[ 13, 1 ]
[ 1, 1 ]
[ [ 1, 1, 5 ], [ 1, 1, 6 ], [ 1, 1, 10 ] ]
[ 18086444784696, 20835655114024, 9723556684207 ]
[ [ 14, 13, 7, 8, 10, 9, 4, 3, 5, 6, 16, 15, 1, 2, 11, 12 ], [ 16, 15, 1, 2, 4, 3, 14, 13, 7, 8, 10, 9, 11, 12, 5, 6 ], [ 8, 7, 10, 9, 12, 11, 6, 5, 16, 15, 2, 1, 4, 3, 14, 13 ] ]
[ "a^-1", "b^-1a^-1", "ba^-2" ]
[96,64]
[ 0, 2, 3, 8 ]
@
NF
[16,2]
[ 0, 4, 4, 4 ]
[ 11, 13, 16 ]
[ "4E-1", "4E1", "4C1" ]
[ 14, 1 ]
[ 14, 1 ]
[ 1, 1 ]
[ [ 1, 1, 2 ], [ 1, 1, 5 ], [ 1, 1, 8 ] ]
[ 19534167492071, 11219048069047, 15329789763263 ]
[ [ 15, 16, 2, 1, 3, 4, 13, 14, 8, 7, 9, 10, 12, 11, 6, 5 ], [ 9, 10, 12, 11, 13, 14, 15, 16, 2, 1, 3, 4, 6, 5, 8, 7 ], [ 12, 11, 14, 13, 8, 7, 2, 1, 4, 3, 6, 5, 16, 15, 10, 9 ] ]
[ "b^-1a", "b^-2a", "b^-1a^-2" ]
[96,64]
[ 0, 2, 3, 8 ]
@
NF
[16,2]
[ 0, 4, 4, 4 ]
[ 10, 14, 16 ]
[ "4F1", "4D-1", "4C1" ]
[ 15, 1 ]
[ 15, 1 ]
[ 1, 1 ]
[ [ 1, 1, 2 ], [ 1, 1, 5 ], [ 1, 1, 6 ] ]
[ 20835655114024, 12520535691000, 15329789763263 ]
[ [ 16, 15, 1, 2, 4, 3, 14, 13, 7, 8, 10, 9, 11, 12, 5, 6 ], [ 10, 9, 11, 12, 14, 13, 16, 15, 1, 2, 4, 3, 5, 6, 7, 8 ], [ 12, 11, 14, 13, 8, 7, 2, 1, 4, 3, 6, 5, 16, 15, 10, 9 ] ]
[ "b^-1a^-1", "b^-2a^-1", "b^-1a^-2" ]
[96,64]
[ 0, 2, 3, 8 ]
@
NF
[16,2]
[ 0, 4, 4, 4 ]
[ 9, 13, 15 ]
[ "4F-1", "4E1", "4D1" ]
[ 16, 1 ]
[ 16, 1 ]
[ 1, 1 ]
[ [ 1, 1, 2 ], [ 1, 1, 5 ], [ 1, 1, 6 ] ]
[ 2809781481479, 11219048069047, 9723556684207 ]
[ [ 3, 4, 6, 5, 15, 16, 9, 10, 12, 11, 13, 14, 8, 7, 2, 1 ], [ 9, 10, 12, 11, 13, 14, 15, 16, 2, 1, 3, 4, 6, 5, 8, 7 ], [ 8, 7, 10, 9, 12, 11, 6, 5, 16, 15, 2, 1, 4, 3, 14, 13 ] ]
[ "ba", "b^-2a", "ba^-2" ]
[96,64]
[ 0, 2, 3, 8 ]
@
NF
[16,4]
[ 0, 4, 4, 4 ]
[ 5, 8, 10 ]
[ "4A", "4B", "4D-1" ]
[ 1, 1 ]
[ 1, 1 ]
[ 1, 1 ]
[ [ 1, 1, 5 ], [ 2, 1, 9 ] ]
[ 19527980745911, 15329749841302, 12520535691000 ]
[ [ 15, 16, 1, 2, 4, 3, 14, 13, 7, 8, 9, 10, 12, 11, 6, 5 ], [ 12, 11, 14, 13, 7, 8, 2, 1, 3, 4, 5, 6, 16, 15, 9, 10 ], [ 10, 9, 11, 12, 14, 13, 16, 15, 1, 2, 4, 3, 5, 6, 7, 8 ] ]
[ "a", "b^-1a", "ba^-2" ]
[32,9]
[ 0, 2, 4, 8 ]
@
NF
[16,4]
[ 0, 4, 4, 4 ]
[ 5, 7, 9 ]
[ "4A", "4D1", "4C1" ]
[ 2, 1 ]
[ 2, 1 ]
[ 1, 1 ]
[ [ 1, 1, 7 ], [ 2, 1, 9 ] ]
[ 19527980745911, 9717289378687, 16778730504942 ]
[ [ 15, 16, 1, 2, 4, 3, 14, 13, 7, 8, 9, 10, 12, 11, 6, 5 ], [ 8, 7, 9, 10, 11, 12, 5, 6, 15, 16, 2, 1, 4, 3, 14, 13 ], [ 13, 14, 7, 8, 9, 10, 4, 3, 6, 5, 16, 15, 2, 1, 11, 12 ] ]
[ "a", "b^-1a^-1", "b" ]
[32,9]
[ 0, 2, 4, 8 ]
@
NF
[16,4]
[ 0, 4, 4, 4 ]
[ 6, 8, 9 ]
[ "4C-1", "4B", "4C1" ]
[ 3, 1 ]
[ 3, 1 ]
[ 1, 1 ]
[ [ 1, 1, 7 ], [ 2, 1, 9 ] ]
[ 2809821393358, 15329749841302, 16778730504942 ]
[ [ 3, 4, 6, 5, 16, 15, 9, 10, 11, 12, 14, 13, 8, 7, 1, 2 ], [ 12, 11, 14, 13, 7, 8, 2, 1, 3, 4, 5, 6, 16, 15, 9, 10 ], [ 13, 14, 7, 8, 9, 10, 4, 3, 6, 5, 16, 15, 2, 1, 11, 12 ] ]
[ "a^-1", "b^-1a", "b" ]
[32,9]
[ 0, 2, 4, 8 ]
@
NF
[16,4]
[ 0, 4, 4, 4 ]
[ 6, 7, 10 ]
[ "4C-1", "4D1", "4D-1" ]
[ 4, 1 ]
[ 4, 1 ]
[ 1, 1 ]
[ [ 1, 1, 5 ], [ 2, 1, 9 ] ]
[ 2809821393358, 9717289378687, 12520535691000 ]
[ [ 3, 4, 6, 5, 16, 15, 9, 10, 11, 12, 14, 13, 8, 7, 1, 2 ], [ 8, 7, 9, 10, 11, 12, 5, 6, 15, 16, 2, 1, 4, 3, 14, 13 ], [ 10, 9, 11, 12, 14, 13, 16, 15, 1, 2, 4, 3, 5, 6, 7, 8 ] ]
[ "a^-1", "b^-1a^-1", "ba^-2" ]
[32,9]
[ 0, 2, 4, 8 ]
@
NF
[16,5]
[ 0, 2, 8, 8 ]
[ 3, 11, 15 ]
[ "2B", "8A-1", "8A-3" ]
[ 1, 1 ]
[ 1, 1 ]
[ 1, 1 ]
[ [ 2, 1, 4 ], [ 1, 1, 6 ] ]
[ 1313941673647, 14022289577527, 8409655733880 ]
[ [ 2, 1, 4, 3, 6, 5, 8, 7, 10, 9, 12, 11, 14, 13, 16, 15 ], [ 11, 12, 14, 13, 16, 15, 2, 1, 4, 3, 5, 6, 8, 7, 10, 9 ], [ 7, 8, 9, 10, 12, 11, 13, 14, 15, 16, 2, 1, 3, 4, 5, 6 ] ]
[ "b^-4a", "b^-3", "b^-1a" ]
[32,9]
[ 0, 2, 4, 8 ]
@
NF
[16,5]
[ 0, 2, 8, 8 ]
[ 3, 10, 14 ]
[ "2B", "8B1", "8B3" ]
[ 2, 1 ]
[ 2, 1 ]
[ 1, 1 ]
[ [ 2, 1, 4 ], [ 1, 1, 6 ] ]
[ 1313941673647, 9723517573687, 15323696640120 ]
[ [ 2, 1, 4, 3, 6, 5, 8, 7, 10, 9, 12, 11, 14, 13, 16, 15 ], [ 8, 7, 10, 9, 11, 12, 14, 13, 16, 15, 1, 2, 4, 3, 6, 5 ], [ 12, 11, 13, 14, 15, 16, 1, 2, 3, 4, 6, 5, 7, 8, 9, 10 ] ]
[ "b^-4a", "b^3", "ba" ]
[32,9]
[ 0, 2, 4, 8 ]
@
NF
[16,5]
[ 0, 2, 8, 8 ]
[ 3, 9, 13 ]
[ "2B", "8B-1", "8A1" ]
[ 3, 1 ]
[ 3, 1 ]
[ 1, 1 ]
[ [ 2, 1, 4 ], [ 1, 1, 6 ] ]
[ 1313941673647, 4117146941111, 19527937228926 ]
[ [ 2, 1, 4, 3, 6, 5, 8, 7, 10, 9, 12, 11, 14, 13, 16, 15 ], [ 4, 3, 6, 5, 8, 7, 10, 9, 11, 12, 13, 14, 16, 15, 2, 1 ], [ 15, 16, 1, 2, 3, 4, 5, 6, 7, 8, 10, 9, 12, 11, 13, 14 ] ]
[ "b^-4a", "b", "b^3a" ]
[32,9]
[ 0, 2, 4, 8 ]
@
NF
[16,5]
[ 0, 2, 8, 8 ]
[ 3, 12, 16 ]
[ "2B", "8B-3", "8A3" ]
[ 4, 1 ]
[ 4, 1 ]
[ 1, 1 ]
[ [ 2, 1, 4 ], [ 1, 1, 6 ] ]
[ 1313941673647, 20841878902321, 2803205277784 ]
[ [ 2, 1, 4, 3, 6, 5, 8, 7, 10, 9, 12, 11, 14, 13, 16, 15 ], [ 16, 15, 2, 1, 4, 3, 6, 5, 8, 7, 9, 10, 11, 12, 14, 13 ], [ 3, 4, 5, 6, 7, 8, 9, 10, 12, 11, 14, 13, 15, 16, 1, 2 ] ]
[ "b^-4a", "b^-1", "b^-3a" ]
[32,9]
[ 0, 2, 4, 8 ]
@
NF
[16,5]
[ 0, 2, 8, 8 ]
[ 4, 11, 13 ]
[ "2C", "8A-1", "8A1" ]
[ 5, 1 ]
[ 5, 1 ]
[ 1, 1 ]
[ [ 2, 1, 3 ], [ 1, 1, 6 ] ]
[ 12520535695927, 14022289577527, 19527937228926 ]
[ [ 10, 9, 11, 12, 14, 13, 16, 15, 2, 1, 3, 4, 6, 5, 8, 7 ], [ 11, 12, 14, 13, 16, 15, 2, 1, 4, 3, 5, 6, 8, 7, 10, 9 ], [ 15, 16, 1, 2, 3, 4, 5, 6, 7, 8, 10, 9, 12, 11, 13, 14 ] ]
[ "a", "b^-3", "b^3a" ]
[32,9]
[ 0, 2, 4, 8 ]
@
NF
[16,5]
[ 0, 2, 8, 8 ]
[ 4, 10, 16 ]
[ "2C", "8B1", "8A3" ]
[ 6, 1 ]
[ 6, 1 ]
[ 1, 1 ]
[ [ 2, 1, 3 ], [ 1, 1, 6 ] ]
[ 12520535695927, 9723517573687, 2803205277784 ]
[ [ 10, 9, 11, 12, 14, 13, 16, 15, 2, 1, 3, 4, 6, 5, 8, 7 ], [ 8, 7, 10, 9, 11, 12, 14, 13, 16, 15, 1, 2, 4, 3, 6, 5 ], [ 3, 4, 5, 6, 7, 8, 9, 10, 12, 11, 14, 13, 15, 16, 1, 2 ] ]
[ "a", "b^3", "b^-3a" ]
[32,9]
[ 0, 2, 4, 8 ]
@
NF
[16,5]
[ 0, 2, 8, 8 ]
[ 4, 9, 15 ]
[ "2C", "8B-1", "8A-3" ]
[ 7, 1 ]
[ 7, 1 ]
[ 1, 1 ]
[ [ 2, 1, 3 ], [ 1, 1, 6 ] ]
[ 12520535695927, 4117146941111, 8409655733880 ]
[ [ 10, 9, 11, 12, 14, 13, 16, 15, 2, 1, 3, 4, 6, 5, 8, 7 ], [ 4, 3, 6, 5, 8, 7, 10, 9, 11, 12, 13, 14, 16, 15, 2, 1 ], [ 7, 8, 9, 10, 12, 11, 13, 14, 15, 16, 2, 1, 3, 4, 5, 6 ] ]
[ "a", "b", "b^-1a" ]
[32,9]
[ 0, 2, 4, 8 ]
@
NF
[16,5]
[ 0, 2, 8, 8 ]
[ 4, 12, 14 ]
[ "2C", "8B-3", "8B3" ]
[ 8, 1 ]
[ 8, 1 ]
[ 1, 1 ]
[ [ 2, 1, 3 ], [ 1, 1, 6 ] ]
[ 12520535695927, 20841878902321, 15323696640120 ]
[ [ 10, 9, 11, 12, 14, 13, 16, 15, 2, 1, 3, 4, 6, 5, 8, 7 ], [ 16, 15, 2, 1, 4, 3, 6, 5, 8, 7, 9, 10, 11, 12, 14, 13 ], [ 12, 11, 13, 14, 15, 16, 1, 2, 3, 4, 6, 5, 7, 8, 9, 10 ] ]
[ "a", "b^-1", "ba" ]
[32,9]
[ 0, 2, 4, 8 ]
@
NF
[16,6]
[ 0, 2, 8, 8 ]
[ 3, 7, 10 ]
[ "2B", "8A1", "8A-1" ]
[ 1, 1 ]
[ 1, 1 ]
[ 1, 1 ]
[ [ 1, 1, 6 ], [ 1, 2, 9 ] ]
[ 3109, 5913, 15524 ]
[ [ 1, 6, 3, 8, 5, 2, 7, 4 ], [ 2, 3, 4, 5, 6, 7, 8, 1 ], [ 4, 1, 6, 3, 8, 5, 2, 7 ] ]
[ "a", "b", "b^3a" ]
[96,64]
[ 0, 2, 3, 8 ]
@
NF
[16,6]
[ 0, 2, 8, 8 ]
[ 3, 8, 9 ]
[ "2B", "8B-1", "8B1" ]
[ 2, 1 ]
[ 2, 1 ]
[ 1, 1 ]
[ [ 1, 1, 6 ], [ 1, 2, 9 ] ]
[ 3109, 17730, 8893 ]
[ [ 1, 6, 3, 8, 5, 2, 7, 4 ], [ 4, 5, 6, 7, 8, 1, 2, 3 ], [ 2, 7, 4, 1, 6, 3, 8, 5 ] ]
[ "a", "b^3", "ba" ]
[96,64]
[ 0, 2, 3, 8 ]
@
NF
[24,12]
[ 0, 3, 4, 4 ]
[ 4, 5, 5 ]
[ "3A", "4A", "4A" ]
[ 1, 1 ]
[ 1, 1 ]
[ 1, 1 ]
[ [ 1, 3, 5 ] ]
[ 8, 9, 22 ]
[ [ 2, 3, 1, 4 ], [ 2, 3, 4, 1 ], [ 4, 3, 1, 2 ] ]
[ "dcb", "dcba", "da" ]
[48,48]
[ 0, 2, 4, 6 ]
@
NF
[24,3]
[ 0, 3, 3, 6 ]
[ 4, 4, 6 ]
[ "3A1", "3A1", "6A1" ]
[ 1, 1 ]
[ 1, 1 ]
[ 1, 1 ]
[ [ 1, 1, 2 ], [ 2, 1, 4 ] ]
[ 15259, 4838, 8755 ]
[ [ 4, 1, 3, 2, 8, 5, 7, 6 ], [ 1, 8, 6, 3, 5, 4, 2, 7 ], [ 2, 7, 1, 8, 6, 3, 5, 4 ] ]
[ "cba", "a", "ca" ]
[48,33]
[ 0, 2, 3, 12 ]
@
NF
[24,3]
[ 0, 3, 3, 6 ]
[ 3, 3, 7 ]
[ "3A-1", "3A-1", "6A-1" ]
[ 2, 1 ]
[ 2, 1 ]
[ 1, 1 ]
[ [ 1, 1, 2 ], [ 2, 1, 4 ] ]
[ 6611, 3927, 18428 ]
[ [ 2, 4, 3, 1, 6, 8, 7, 5 ], [ 1, 7, 4, 6, 5, 3, 8, 2 ], [ 4, 6, 5, 3, 8, 2, 1, 7 ] ]
[ "ca^2", "a^2", "cba^2" ]
[48,33]
[ 0, 2, 3, 12 ]
@
NF
[24,13]
[ 0, 2, 6, 6 ]
[ 4, 7, 8 ]
[ "2B", "6A1", "6A-1" ]
[ 1, 1 ]
[ 1, 1 ]
[ 1, 1 ]
[ [ 1, 3, 8 ] ]
[ 403, 694, 529 ]
[ [ 4, 2, 6, 1, 5, 3 ], [ 6, 4, 5, 3, 1, 2 ], [ 5, 3, 1, 2, 6, 4 ] ]
[ "b", "ca", "ca^5" ]
[48,48]
[ 0, 2, 4, 6 ]
@
NF
[48,3]
[ 0, 3, 3, 4 ]
[ 3, 4, 8 ]
[ "3A-1", "3A1", "4A1" ]
[ 1, 1 ]
[ 1, 1 ]
[ 1, 1 ]
[ [ 1, 3, 6 ] ]
[ 175818816, 99982564, 133000428 ]
[ [ 5, 6, 7, 8, 9, 10, 11, 12, 1, 2, 3, 4 ], [ 3, 7, 8, 6, 10, 11, 9, 1, 2, 12, 4, 5 ], [ 4, 5, 9, 7, 8, 12, 10, 11, 3, 1, 2, 6 ] ]
[ "a", "cb^-1a^2", "c^-1b" ]
[96,64]
[ 0, 2, 3, 8 ]
@
NF
[48,3]
[ 0, 3, 3, 4 ]
[ 3, 4, 5 ]
[ "3A-1", "3A1", "4A-1" ]
[ 2, 1 ]
[ 2, 1 ]
[ 1, 1 ]
[ [ 1, 3, 5 ] ]
[ 175818816, 341825174, 153303636 ]
[ [ 5, 6, 7, 8, 9, 10, 11, 12, 1, 2, 3, 4 ], [ 9, 7, 2, 12, 10, 5, 3, 1, 8, 6, 4, 11 ], [ 4, 11, 3, 7, 2, 6, 10, 5, 9, 1, 8, 12 ] ]
[ "a", "cba^2", "c^-1b^-1" ]
[96,64]
[ 0, 2, 3, 8 ]
@
NF
[48,3]
[ 0, 3, 3, 4 ]
[ 3, 4, 7 ]
[ "3A-1", "3A1", "4B1" ]
[ 3, 1 ]
[ 3, 1 ]
[ 1, 1 ]
[ [ 1, 3, 6 ] ]
[ 175818816, 79914484, 394817907 ]
[ [ 5, 6, 7, 8, 9, 10, 11, 12, 1, 2, 3, 4 ], [ 3, 1, 2, 6, 4, 5, 9, 7, 8, 12, 10, 11 ], [ 10, 11, 9, 1, 2, 12, 4, 5, 3, 7, 8, 6 ] ]
[ "a", "c^-1ba^2", "cb^-1" ]
[96,64]
[ 0, 2, 3, 8 ]
@
NF
[48,3]
[ 0, 3, 3, 4 ]
[ 3, 4, 6 ]
[ "3A-1", "3A1", "4B-1" ]
[ 4, 1 ]
[ 4, 1 ]
[ 1, 1 ]
[ [ 1, 3, 5 ] ]
[ 175818816, 229221276, 34194527 ]
[ [ 5, 6, 7, 8, 9, 10, 11, 12, 1, 2, 3, 4 ], [ 6, 10, 2, 9, 1, 5, 12, 4, 8, 3, 7, 11 ], [ 1, 11, 6, 4, 2, 9, 7, 5, 12, 10, 8, 3 ] ]
[ "a", "c^-2ba^2", "c^-2b^-1" ]
[96,64]
[ 0, 2, 3, 8 ]
@
NF
[3,1]
[ 1, 3, 3 ]
[ 2, 3 ]
[ "3A-1", "3A1" ]
[ 1, 1 ]
[ 0, 0 ]
[ 0, 0 ]
[ [ 1, 1, 1 ], [ 2, 1, 2 ] ]
[ 3, 0, 3, 4 ]
[ [ 2, 3, 1 ], [ 1, 2, 3 ], [ 2, 3, 1 ], [ 3, 1, 2 ] ]
[ "a", "Id(G)", "a", "a^2" ]
[6,1]
[ 0, 2, 2, 2, 2, 2 ]
@
NF
[4,1]
[ 1, 2, 2 ]
[ 2, 2 ]
[ "2A", "2A" ]
[ 1, 1 ]
[ 0, 0 ]
[ 0, 0 ]
[ [ 1, 1, 1 ], [ 2, 1, 2 ] ]
[ 9, 0, 16, 16 ]
[ [ 2, 3, 4, 1 ], [ 1, 2, 3, 4 ], [ 3, 4, 1, 2 ], [ 3, 4, 1, 2 ] ]
[ "a", "Id(G)", "a^-2", "a^-2" ]
[8,3]
[ 0, 2, 2, 2, 2, 2 ]
@
NF
[4,2]
[ 1, 2, 2 ]
[ 3, 3 ]
[ "2A", "2A" ]
[ 1, 1 ]
[ 0, 0 ]
[ 0, 0 ]
[ [ 1, 1, 1 ], [ 1, 1, 3 ], [ 1, 1, 4 ] ]
[ 7, 23, 23, 23 ]
[ [ 2, 1, 4, 3 ], [ 4, 3, 2, 1 ], [ 4, 3, 2, 1 ], [ 4, 3, 2, 1 ] ]
[ "b", "a", "a", "a" ]
[8,5]
[ 0, 2, 2, 2, 2, 2 ]
@
NF
[4,2]
[ 1, 2, 2 ]
[ 4, 4 ]
[ "2B", "2B" ]
[ 2, 1 ]
[ 0, 0 ]
[ 0, 0 ]
[ [ 1, 1, 1 ], [ 1, 1, 2 ], [ 1, 1, 3 ] ]
[ 7, 23, 16, 16 ]
[ [ 2, 1, 4, 3 ], [ 4, 3, 2, 1 ], [ 3, 4, 1, 2 ], [ 3, 4, 1, 2 ] ]
[ "b", "a", "ba", "ba" ]
[8,5]
[ 0, 2, 2, 2, 2, 2 ]
@
NF
[4,2]
[ 1, 2, 2 ]
[ 2, 2 ]
[ "2C", "2C" ]
[ 3, 1 ]
[ 0, 0 ]
[ 0, 0 ]
[ [ 1, 1, 1 ], [ 1, 1, 2 ], [ 1, 1, 4 ] ]
[ 7, 23, 7, 7 ]
[ [ 2, 1, 4, 3 ], [ 4, 3, 2, 1 ], [ 2, 1, 4, 3 ], [ 2, 1, 4, 3 ] ]
[ "b", "a", "b", "b" ]
[8,5]
[ 0, 2, 2, 2, 2, 2 ]
@
NF
[6,1]
[ 1, 3 ]
[ 3 ]
[ "3A" ]
[ 1, 1 ]
[ 0, 0 ]
[ 0, 0 ]
[ [ 1, 1, 1 ], [ 1, 2, 3 ] ]
[ 1, 3, 3 ]
[ [ 1, 3, 2 ], [ 2, 3, 1 ], [ 2, 3, 1 ] ]
[ "a", "b", "b" ]
[12,4]
[ 0, 2, 2, 2, 2 ]
@
NF
[6,1]
[ 1, 3 ]
[ 3 ]
[ "3A" ]
[ 1, 2 ]
[ 0, 0 ]
[ 0, 0 ]
[ [ 1, 1, 1 ], [ 1, 2, 3 ] ]
[ 1, 2, 3 ]
[ [ 1, 3, 2 ], [ 2, 1, 3 ], [ 2, 3, 1 ] ]
[ "a", "ba", "b" ]
[12,4]
[ 0, 2, 2, 2, 2 ]
@
NF
[6,1]
[ 1, 3 ]
[ 3 ]
[ "3A" ]
[ 1, 3 ]
[ 0, 0 ]
[ 0, 0 ]
[ [ 1, 1, 1 ], [ 1, 2, 3 ] ]
[ 2, 3, 3 ]
[ [ 2, 1, 3 ], [ 2, 3, 1 ], [ 2, 3, 1 ] ]
[ "ba", "b", "b" ]
[12,4]
[ 0, 2, 2, 2, 2 ]
@
NF
[6,1]
[ 1, 3 ]
[ 3 ]
[ "3A" ]
[ 1, 4 ]
[ 0, 0 ]
[ 0, 0 ]
[ [ 1, 1, 1 ], [ 1, 2, 3 ] ]
[ 2, 5, 3 ]
[ [ 2, 1, 3 ], [ 3, 2, 1 ], [ 2, 3, 1 ] ]
[ "ba", "b^2a", "b" ]
[12,4]
[ 0, 2, 2, 2, 2 ]
@
NF
[6,1]
[ 1, 3 ]
[ 3 ]
[ "3A" ]
[ 1, 5 ]
[ 0, 0 ]
[ 0, 0 ]
[ [ 1, 1, 1 ], [ 1, 2, 3 ] ]
[ 4, 1, 3 ]
[ [ 3, 1, 2 ], [ 1, 3, 2 ], [ 2, 3, 1 ] ]
[ "b^2", "a", "b" ]
[12,4]
[ 0, 2, 2, 2, 2 ]
@
NF
[6,1]
[ 1, 3 ]
[ 3 ]
[ "3A" ]
[ 1, 6 ]
[ 0, 0 ]
[ 0, 0 ]
[ [ 1, 1, 1 ], [ 1, 2, 3 ] ]
[ 4, 2, 3 ]
[ [ 3, 1, 2 ], [ 2, 1, 3 ], [ 2, 3, 1 ] ]
[ "b^2", "ba", "b" ]
[12,4]
[ 0, 2, 2, 2, 2 ]
@
NF
[6,1]
[ 1, 3 ]
[ 3 ]
[ "3A" ]
[ 1, 7 ]
[ 0, 0 ]
[ 0, 0 ]
[ [ 1, 1, 1 ], [ 1, 2, 3 ] ]
[ 4, 5, 3 ]
[ [ 3, 1, 2 ], [ 3, 2, 1 ], [ 2, 3, 1 ] ]
[ "b^2", "b^2a", "b" ]
[12,4]
[ 0, 2, 2, 2, 2 ]
@
NF
[6,1]
[ 1, 3 ]
[ 3 ]
[ "3A" ]
[ 1, 8 ]
[ 0, 0 ]
[ 0, 0 ]
[ [ 1, 1, 1 ], [ 1, 2, 3 ] ]
[ 5, 1, 3 ]
[ [ 3, 2, 1 ], [ 1, 3, 2 ], [ 2, 3, 1 ] ]
[ "b^2a", "a", "b" ]
[12,4]
[ 0, 2, 2, 2, 2 ]
@
NF
[6,1]
[ 1, 3 ]
[ 3 ]
[ "3A" ]
[ 1, 9 ]
[ 0, 0 ]
[ 0, 0 ]
[ [ 1, 1, 1 ], [ 1, 2, 3 ] ]
[ 5, 3, 3 ]
[ [ 3, 2, 1 ], [ 2, 3, 1 ], [ 2, 3, 1 ] ]
[ "b^2a", "b", "b" ]
[12,4]
[ 0, 2, 2, 2, 2 ]
@
NF
[8,3]
[ 1, 2 ]
[ 2 ]
[ "2A" ]
[ 1, 1 ]
[ 0, 0 ]
[ 0, 0 ]
[ [ 1, 1, 1 ], [ 1, 2, 5 ] ]
[ 5, 9, 16 ]
[ [ 1, 4, 3, 2 ], [ 2, 3, 4, 1 ], [ 3, 4, 1, 2 ] ]
[ "a", "b", "b^-2" ]
[16,11]
[ 0, 2, 2, 2, 2 ]
@
NF
[8,3]
[ 1, 2 ]
[ 2 ]
[ "2A" ]
[ 1, 2 ]
[ 0, 0 ]
[ 0, 0 ]
[ [ 1, 1, 1 ], [ 1, 2, 5 ] ]
[ 5, 7, 16 ]
[ [ 1, 4, 3, 2 ], [ 2, 1, 4, 3 ], [ 3, 4, 1, 2 ] ]
[ "a", "ba", "b^-2" ]
[16,11]
[ 0, 2, 2, 2, 2 ]
@
NF
[8,3]
[ 1, 2 ]
[ 2 ]
[ "2A" ]
[ 1, 3 ]
[ 0, 0 ]
[ 0, 0 ]
[ [ 1, 1, 1 ], [ 1, 2, 5 ] ]
[ 5, 18, 16 ]
[ [ 1, 4, 3, 2 ], [ 4, 1, 2, 3 ], [ 3, 4, 1, 2 ] ]
[ "a", "b^-1", "b^-2" ]
[16,11]
[ 0, 2, 2, 2, 2 ]
@
NF
[8,3]
[ 1, 2 ]
[ 2 ]
[ "2A" ]
[ 1, 4 ]
[ 0, 0 ]
[ 0, 0 ]
[ [ 1, 1, 1 ], [ 1, 2, 5 ] ]
[ 5, 23, 16 ]
[ [ 1, 4, 3, 2 ], [ 4, 3, 2, 1 ], [ 3, 4, 1, 2 ] ]
[ "a", "b^-1a", "b^-2" ]
[16,11]
[ 0, 2, 2, 2, 2 ]
@
NF
[8,3]
[ 1, 2 ]
[ 2 ]
[ "2A" ]
[ 1, 5 ]
[ 0, 0 ]
[ 0, 0 ]
[ [ 1, 1, 1 ], [ 1, 2, 5 ] ]
[ 9, 5, 16 ]
[ [ 2, 3, 4, 1 ], [ 1, 4, 3, 2 ], [ 3, 4, 1, 2 ] ]
[ "b", "a", "b^-2" ]
[16,11]
[ 0, 2, 2, 2, 2 ]
@
NF
[8,3]
[ 1, 2 ]
[ 2 ]
[ "2A" ]
[ 1, 6 ]
[ 0, 0 ]
[ 0, 0 ]
[ [ 1, 1, 1 ], [ 1, 2, 5 ] ]
[ 9, 7, 16 ]
[ [ 2, 3, 4, 1 ], [ 2, 1, 4, 3 ], [ 3, 4, 1, 2 ] ]
[ "b", "ba", "b^-2" ]
[16,11]
[ 0, 2, 2, 2, 2 ]
@
NF
[8,3]
[ 1, 2 ]
[ 2 ]
[ "2A" ]
[ 1, 7 ]
[ 0, 0 ]
[ 0, 0 ]
[ [ 1, 1, 1 ], [ 1, 2, 5 ] ]
[ 9, 14, 16 ]
[ [ 2, 3, 4, 1 ], [ 3, 2, 1, 4 ], [ 3, 4, 1, 2 ] ]
[ "b", "b^-2a", "b^-2" ]
[16,11]
[ 0, 2, 2, 2, 2 ]
@
NF
[8,3]
[ 1, 2 ]
[ 2 ]
[ "2A" ]
[ 1, 8 ]
[ 0, 0 ]
[ 0, 0 ]
[ [ 1, 1, 1 ], [ 1, 2, 5 ] ]
[ 9, 23, 16 ]
[ [ 2, 3, 4, 1 ], [ 4, 3, 2, 1 ], [ 3, 4, 1, 2 ] ]
[ "b", "b^-1a", "b^-2" ]
[16,11]
[ 0, 2, 2, 2, 2 ]
@
NF
[8,3]
[ 1, 2 ]
[ 2 ]
[ "2A" ]
[ 1, 9 ]
[ 0, 0 ]
[ 0, 0 ]
[ [ 1, 1, 1 ], [ 1, 2, 5 ] ]
[ 7, 5, 16 ]
[ [ 2, 1, 4, 3 ], [ 1, 4, 3, 2 ], [ 3, 4, 1, 2 ] ]
[ "ba", "a", "b^-2" ]
[16,11]
[ 0, 2, 2, 2, 2 ]
@
NF
[8,3]
[ 1, 2 ]
[ 2 ]
[ "2A" ]
[ 1, 10 ]
[ 0, 0 ]
[ 0, 0 ]
[ [ 1, 1, 1 ], [ 1, 2, 5 ] ]
[ 7, 9, 16 ]
[ [ 2, 1, 4, 3 ], [ 2, 3, 4, 1 ], [ 3, 4, 1, 2 ] ]
[ "ba", "b", "b^-2" ]
[16,11]
[ 0, 2, 2, 2, 2 ]
@
NF
[8,3]
[ 1, 2 ]
[ 2 ]
[ "2A" ]
[ 1, 11 ]
[ 0, 0 ]
[ 0, 0 ]
[ [ 1, 1, 1 ], [ 1, 2, 5 ] ]
[ 7, 14, 16 ]
[ [ 2, 1, 4, 3 ], [ 3, 2, 1, 4 ], [ 3, 4, 1, 2 ] ]
[ "ba", "b^-2a", "b^-2" ]
[16,11]
[ 0, 2, 2, 2, 2 ]
@
NF
[8,3]
[ 1, 2 ]
[ 2 ]
[ "2A" ]
[ 1, 12 ]
[ 0, 0 ]
[ 0, 0 ]
[ [ 1, 1, 1 ], [ 1, 2, 5 ] ]
[ 7, 18, 16 ]
[ [ 2, 1, 4, 3 ], [ 4, 1, 2, 3 ], [ 3, 4, 1, 2 ] ]
[ "ba", "b^-1", "b^-2" ]
[16,11]
[ 0, 2, 2, 2, 2 ]
@
NF
[8,3]
[ 1, 2 ]
[ 2 ]
[ "2A" ]
[ 1, 13 ]
[ 0, 0 ]
[ 0, 0 ]
[ [ 1, 1, 1 ], [ 1, 2, 5 ] ]
[ 14, 9, 16 ]
[ [ 3, 2, 1, 4 ], [ 2, 3, 4, 1 ], [ 3, 4, 1, 2 ] ]
[ "b^-2a", "b", "b^-2" ]
[16,11]
[ 0, 2, 2, 2, 2 ]
@
NF
[8,3]
[ 1, 2 ]
[ 2 ]
[ "2A" ]
[ 1, 14 ]
[ 0, 0 ]
[ 0, 0 ]
[ [ 1, 1, 1 ], [ 1, 2, 5 ] ]
[ 14, 7, 16 ]
[ [ 3, 2, 1, 4 ], [ 2, 1, 4, 3 ], [ 3, 4, 1, 2 ] ]
[ "b^-2a", "ba", "b^-2" ]
[16,11]
[ 0, 2, 2, 2, 2 ]
@
NF
[8,3]
[ 1, 2 ]
[ 2 ]
[ "2A" ]
[ 1, 15 ]
[ 0, 0 ]
[ 0, 0 ]
[ [ 1, 1, 1 ], [ 1, 2, 5 ] ]
[ 14, 18, 16 ]
[ [ 3, 2, 1, 4 ], [ 4, 1, 2, 3 ], [ 3, 4, 1, 2 ] ]
[ "b^-2a", "b^-1", "b^-2" ]
[16,11]
[ 0, 2, 2, 2, 2 ]
@
NF
[8,3]
[ 1, 2 ]
[ 2 ]
[ "2A" ]
[ 1, 16 ]
[ 0, 0 ]
[ 0, 0 ]
[ [ 1, 1, 1 ], [ 1, 2, 5 ] ]
[ 14, 23, 16 ]
[ [ 3, 2, 1, 4 ], [ 4, 3, 2, 1 ], [ 3, 4, 1, 2 ] ]
[ "b^-2a", "b^-1a", "b^-2" ]
[16,11]
[ 0, 2, 2, 2, 2 ]
@
NF
[8,3]
[ 1, 2 ]
[ 2 ]
[ "2A" ]
[ 1, 17 ]
[ 0, 0 ]
[ 0, 0 ]
[ [ 1, 1, 1 ], [ 1, 2, 5 ] ]
[ 18, 5, 16 ]
[ [ 4, 1, 2, 3 ], [ 1, 4, 3, 2 ], [ 3, 4, 1, 2 ] ]
[ "b^-1", "a", "b^-2" ]
[16,11]
[ 0, 2, 2, 2, 2 ]
@
NF
[8,3]
[ 1, 2 ]
[ 2 ]
[ "2A" ]
[ 1, 18 ]
[ 0, 0 ]
[ 0, 0 ]
[ [ 1, 1, 1 ], [ 1, 2, 5 ] ]
[ 18, 7, 16 ]
[ [ 4, 1, 2, 3 ], [ 2, 1, 4, 3 ], [ 3, 4, 1, 2 ] ]
[ "b^-1", "ba", "b^-2" ]
[16,11]
[ 0, 2, 2, 2, 2 ]
@
NF
[8,3]
[ 1, 2 ]
[ 2 ]
[ "2A" ]
[ 1, 19 ]
[ 0, 0 ]
[ 0, 0 ]
[ [ 1, 1, 1 ], [ 1, 2, 5 ] ]
[ 18, 14, 16 ]
[ [ 4, 1, 2, 3 ], [ 3, 2, 1, 4 ], [ 3, 4, 1, 2 ] ]
[ "b^-1", "b^-2a", "b^-2" ]
[16,11]
[ 0, 2, 2, 2, 2 ]
@
NF
[8,3]
[ 1, 2 ]
[ 2 ]
[ "2A" ]
[ 1, 20 ]
[ 0, 0 ]
[ 0, 0 ]
[ [ 1, 1, 1 ], [ 1, 2, 5 ] ]
[ 18, 23, 16 ]
[ [ 4, 1, 2, 3 ], [ 4, 3, 2, 1 ], [ 3, 4, 1, 2 ] ]
[ "b^-1", "b^-1a", "b^-2" ]
[16,11]
[ 0, 2, 2, 2, 2 ]
@
NF
[8,3]
[ 1, 2 ]
[ 2 ]
[ "2A" ]
[ 1, 21 ]
[ 0, 0 ]
[ 0, 0 ]
[ [ 1, 1, 1 ], [ 1, 2, 5 ] ]
[ 23, 5, 16 ]
[ [ 4, 3, 2, 1 ], [ 1, 4, 3, 2 ], [ 3, 4, 1, 2 ] ]
[ "b^-1a", "a", "b^-2" ]
[16,11]
[ 0, 2, 2, 2, 2 ]
@
NF
[8,3]
[ 1, 2 ]
[ 2 ]
[ "2A" ]
[ 1, 22 ]
[ 0, 0 ]
[ 0, 0 ]
[ [ 1, 1, 1 ], [ 1, 2, 5 ] ]
[ 23, 9, 16 ]
[ [ 4, 3, 2, 1 ], [ 2, 3, 4, 1 ], [ 3, 4, 1, 2 ] ]
[ "b^-1a", "b", "b^-2" ]
[16,11]
[ 0, 2, 2, 2, 2 ]
@
NF
[8,3]
[ 1, 2 ]
[ 2 ]
[ "2A" ]
[ 1, 23 ]
[ 0, 0 ]
[ 0, 0 ]
[ [ 1, 1, 1 ], [ 1, 2, 5 ] ]
[ 23, 14, 16 ]
[ [ 4, 3, 2, 1 ], [ 3, 2, 1, 4 ], [ 3, 4, 1, 2 ] ]
[ "b^-1a", "b^-2a", "b^-2" ]
[16,11]
[ 0, 2, 2, 2, 2 ]
@
NF
[8,3]
[ 1, 2 ]
[ 2 ]
[ "2A" ]
[ 1, 24 ]
[ 0, 0 ]
[ 0, 0 ]
[ [ 1, 1, 1 ], [ 1, 2, 5 ] ]
[ 23, 18, 16 ]
[ [ 4, 3, 2, 1 ], [ 4, 1, 2, 3 ], [ 3, 4, 1, 2 ] ]
[ "b^-1a", "b^-1", "b^-2" ]
[16,11]
[ 0, 2, 2, 2, 2 ]
@
NF
[8,4]
[ 1, 2 ]
[ 2 ]
[ "2A" ]
[ 1, 1 ]
[ 0, 0 ]
[ 0, 0 ]
[ [ 1, 1, 1 ], [ 2, 1, 5 ] ]
[ 34348, 35385, 14493 ]
[ [ 7, 6, 5, 2, 1, 8, 3, 4 ], [ 8, 1, 2, 7, 4, 5, 6, 3 ], [ 3, 8, 1, 6, 7, 4, 5, 2 ] ]
[ "a", "a^-2b", "a^-2" ]
[16,13]
[ 0, 2, 2, 2, 2 ]
@
NF
[8,4]
[ 1, 2 ]
[ 2 ]
[ "2A" ]
[ 1, 2 ]
[ 0, 0 ]
[ 0, 0 ]
[ [ 1, 1, 1 ], [ 2, 1, 5 ] ]
[ 34348, 28460, 14493 ]
[ [ 7, 6, 5, 2, 1, 8, 3, 4 ], [ 6, 5, 4, 1, 8, 3, 2, 7 ], [ 3, 8, 1, 6, 7, 4, 5, 2 ] ]
[ "a", "a^-2ba", "a^-2" ]
[16,13]
[ 0, 2, 2, 2, 2 ]
@
NF
[8,4]
[ 1, 2 ]
[ 2 ]
[ "2A" ]
[ 1, 3 ]
[ 0, 0 ]
[ 0, 0 ]
[ [ 1, 1, 1 ], [ 2, 1, 5 ] ]
[ 34348, 6425, 14493 ]
[ [ 7, 6, 5, 2, 1, 8, 3, 4 ], [ 2, 3, 8, 5, 6, 7, 4, 1 ], [ 3, 8, 1, 6, 7, 4, 5, 2 ] ]
[ "a", "b", "a^-2" ]
[16,13]
[ 0, 2, 2, 2, 2 ]
@
NF
[8,4]
[ 1, 2 ]
[ 2 ]
[ "2A" ]
[ 1, 4 ]
[ 0, 0 ]
[ 0, 0 ]
[ [ 1, 1, 1 ], [ 2, 1, 5 ] ]
[ 34348, 19255, 14493 ]
[ [ 7, 6, 5, 2, 1, 8, 3, 4 ], [ 4, 7, 6, 3, 2, 1, 8, 5 ], [ 3, 8, 1, 6, 7, 4, 5, 2 ] ]
[ "a", "ba", "a^-2" ]
[16,13]
[ 0, 2, 2, 2, 2 ]
@
NF
[8,4]
[ 1, 2 ]
[ 2 ]
[ "2A" ]
[ 1, 5 ]
[ 0, 0 ]
[ 0, 0 ]
[ [ 1, 1, 1 ], [ 2, 1, 5 ] ]
[ 22910, 35385, 14493 ]
[ [ 5, 4, 7, 8, 3, 2, 1, 6 ], [ 8, 1, 2, 7, 4, 5, 6, 3 ], [ 3, 8, 1, 6, 7, 4, 5, 2 ] ]
[ "a^-1", "a^-2b", "a^-2" ]
[16,13]
[ 0, 2, 2, 2, 2 ]
@
NF
[8,4]
[ 1, 2 ]
[ 2 ]
[ "2A" ]
[ 1, 6 ]
[ 0, 0 ]
[ 0, 0 ]
[ [ 1, 1, 1 ], [ 2, 1, 5 ] ]
[ 22910, 28460, 14493 ]
[ [ 5, 4, 7, 8, 3, 2, 1, 6 ], [ 6, 5, 4, 1, 8, 3, 2, 7 ], [ 3, 8, 1, 6, 7, 4, 5, 2 ] ]
[ "a^-1", "a^-2ba", "a^-2" ]
[16,13]
[ 0, 2, 2, 2, 2 ]
@
NF
[8,4]
[ 1, 2 ]
[ 2 ]
[ "2A" ]
[ 1, 7 ]
[ 0, 0 ]
[ 0, 0 ]
[ [ 1, 1, 1 ], [ 2, 1, 5 ] ]
[ 22910, 6425, 14493 ]
[ [ 5, 4, 7, 8, 3, 2, 1, 6 ], [ 2, 3, 8, 5, 6, 7, 4, 1 ], [ 3, 8, 1, 6, 7, 4, 5, 2 ] ]
[ "a^-1", "b", "a^-2" ]
[16,13]
[ 0, 2, 2, 2, 2 ]
@
NF
[8,4]
[ 1, 2 ]
[ 2 ]
[ "2A" ]
[ 1, 8 ]
[ 0, 0 ]
[ 0, 0 ]
[ [ 1, 1, 1 ], [ 2, 1, 5 ] ]
[ 22910, 19255, 14493 ]
[ [ 5, 4, 7, 8, 3, 2, 1, 6 ], [ 4, 7, 6, 3, 2, 1, 8, 5 ], [ 3, 8, 1, 6, 7, 4, 5, 2 ] ]
[ "a^-1", "ba", "a^-2" ]
[16,13]
[ 0, 2, 2, 2, 2 ]
@
NF
[8,4]
[ 1, 2 ]
[ 2 ]
[ "2A" ]
[ 1, 9 ]
[ 0, 0 ]
[ 0, 0 ]
[ [ 1, 1, 1 ], [ 2, 1, 5 ] ]
[ 35385, 34348, 14493 ]
[ [ 8, 1, 2, 7, 4, 5, 6, 3 ], [ 7, 6, 5, 2, 1, 8, 3, 4 ], [ 3, 8, 1, 6, 7, 4, 5, 2 ] ]
[ "a^-2b", "a", "a^-2" ]
[16,13]
[ 0, 2, 2, 2, 2 ]
@
NF
[8,4]
[ 1, 2 ]
[ 2 ]
[ "2A" ]
[ 1, 10 ]
[ 0, 0 ]
[ 0, 0 ]
[ [ 1, 1, 1 ], [ 2, 1, 5 ] ]
[ 35385, 22910, 14493 ]
[ [ 8, 1, 2, 7, 4, 5, 6, 3 ], [ 5, 4, 7, 8, 3, 2, 1, 6 ], [ 3, 8, 1, 6, 7, 4, 5, 2 ] ]
[ "a^-2b", "a^-1", "a^-2" ]
[16,13]
[ 0, 2, 2, 2, 2 ]
@
NF
[8,4]
[ 1, 2 ]
[ 2 ]
[ "2A" ]
[ 1, 11 ]
[ 0, 0 ]
[ 0, 0 ]
[ [ 1, 1, 1 ], [ 2, 1, 5 ] ]
[ 35385, 28460, 14493 ]
[ [ 8, 1, 2, 7, 4, 5, 6, 3 ], [ 6, 5, 4, 1, 8, 3, 2, 7 ], [ 3, 8, 1, 6, 7, 4, 5, 2 ] ]
[ "a^-2b", "a^-2ba", "a^-2" ]
[16,13]
[ 0, 2, 2, 2, 2 ]
@
NF
[8,4]
[ 1, 2 ]
[ 2 ]
[ "2A" ]
[ 1, 12 ]
[ 0, 0 ]
[ 0, 0 ]
[ [ 1, 1, 1 ], [ 2, 1, 5 ] ]
[ 35385, 19255, 14493 ]
[ [ 8, 1, 2, 7, 4, 5, 6, 3 ], [ 4, 7, 6, 3, 2, 1, 8, 5 ], [ 3, 8, 1, 6, 7, 4, 5, 2 ] ]
[ "a^-2b", "ba", "a^-2" ]
[16,13]
[ 0, 2, 2, 2, 2 ]
@
NF
[8,4]
[ 1, 2 ]
[ 2 ]
[ "2A" ]
[ 1, 13 ]
[ 0, 0 ]
[ 0, 0 ]
[ [ 1, 1, 1 ], [ 2, 1, 5 ] ]
[ 28460, 34348, 14493 ]
[ [ 6, 5, 4, 1, 8, 3, 2, 7 ], [ 7, 6, 5, 2, 1, 8, 3, 4 ], [ 3, 8, 1, 6, 7, 4, 5, 2 ] ]
[ "a^-2ba", "a", "a^-2" ]
[16,13]
[ 0, 2, 2, 2, 2 ]
@
NF
[8,4]
[ 1, 2 ]
[ 2 ]
[ "2A" ]
[ 1, 14 ]
[ 0, 0 ]
[ 0, 0 ]
[ [ 1, 1, 1 ], [ 2, 1, 5 ] ]
[ 28460, 22910, 14493 ]
[ [ 6, 5, 4, 1, 8, 3, 2, 7 ], [ 5, 4, 7, 8, 3, 2, 1, 6 ], [ 3, 8, 1, 6, 7, 4, 5, 2 ] ]
[ "a^-2ba", "a^-1", "a^-2" ]
[16,13]
[ 0, 2, 2, 2, 2 ]
@
NF
[8,4]
[ 1, 2 ]
[ 2 ]
[ "2A" ]
[ 1, 15 ]
[ 0, 0 ]
[ 0, 0 ]
[ [ 1, 1, 1 ], [ 2, 1, 5 ] ]
[ 28460, 35385, 14493 ]
[ [ 6, 5, 4, 1, 8, 3, 2, 7 ], [ 8, 1, 2, 7, 4, 5, 6, 3 ], [ 3, 8, 1, 6, 7, 4, 5, 2 ] ]
[ "a^-2ba", "a^-2b", "a^-2" ]
[16,13]
[ 0, 2, 2, 2, 2 ]
@
NF
[8,4]
[ 1, 2 ]
[ 2 ]
[ "2A" ]
[ 1, 16 ]
[ 0, 0 ]
[ 0, 0 ]
[ [ 1, 1, 1 ], [ 2, 1, 5 ] ]
[ 28460, 6425, 14493 ]
[ [ 6, 5, 4, 1, 8, 3, 2, 7 ], [ 2, 3, 8, 5, 6, 7, 4, 1 ], [ 3, 8, 1, 6, 7, 4, 5, 2 ] ]
[ "a^-2ba", "b", "a^-2" ]
[16,13]
[ 0, 2, 2, 2, 2 ]
@
NF
[8,4]
[ 1, 2 ]
[ 2 ]
[ "2A" ]
[ 1, 17 ]
[ 0, 0 ]
[ 0, 0 ]
[ [ 1, 1, 1 ], [ 2, 1, 5 ] ]
[ 6425, 34348, 14493 ]
[ [ 2, 3, 8, 5, 6, 7, 4, 1 ], [ 7, 6, 5, 2, 1, 8, 3, 4 ], [ 3, 8, 1, 6, 7, 4, 5, 2 ] ]
[ "b", "a", "a^-2" ]
[16,13]
[ 0, 2, 2, 2, 2 ]
@
NF
[8,4]
[ 1, 2 ]
[ 2 ]
[ "2A" ]
[ 1, 18 ]
[ 0, 0 ]
[ 0, 0 ]
[ [ 1, 1, 1 ], [ 2, 1, 5 ] ]
[ 6425, 22910, 14493 ]
[ [ 2, 3, 8, 5, 6, 7, 4, 1 ], [ 5, 4, 7, 8, 3, 2, 1, 6 ], [ 3, 8, 1, 6, 7, 4, 5, 2 ] ]
[ "b", "a^-1", "a^-2" ]
[16,13]
[ 0, 2, 2, 2, 2 ]
@
NF
[8,4]
[ 1, 2 ]
[ 2 ]
[ "2A" ]
[ 1, 19 ]
[ 0, 0 ]
[ 0, 0 ]
[ [ 1, 1, 1 ], [ 2, 1, 5 ] ]
[ 6425, 28460, 14493 ]
[ [ 2, 3, 8, 5, 6, 7, 4, 1 ], [ 6, 5, 4, 1, 8, 3, 2, 7 ], [ 3, 8, 1, 6, 7, 4, 5, 2 ] ]
[ "b", "a^-2ba", "a^-2" ]
[16,13]
[ 0, 2, 2, 2, 2 ]
@
NF
[8,4]
[ 1, 2 ]
[ 2 ]
[ "2A" ]
[ 1, 20 ]
[ 0, 0 ]
[ 0, 0 ]
[ [ 1, 1, 1 ], [ 2, 1, 5 ] ]
[ 6425, 19255, 14493 ]
[ [ 2, 3, 8, 5, 6, 7, 4, 1 ], [ 4, 7, 6, 3, 2, 1, 8, 5 ], [ 3, 8, 1, 6, 7, 4, 5, 2 ] ]
[ "b", "ba", "a^-2" ]
[16,13]
[ 0, 2, 2, 2, 2 ]
@
NF
[8,4]
[ 1, 2 ]
[ 2 ]
[ "2A" ]
[ 1, 21 ]
[ 0, 0 ]
[ 0, 0 ]
[ [ 1, 1, 1 ], [ 2, 1, 5 ] ]
[ 19255, 34348, 14493 ]
[ [ 4, 7, 6, 3, 2, 1, 8, 5 ], [ 7, 6, 5, 2, 1, 8, 3, 4 ], [ 3, 8, 1, 6, 7, 4, 5, 2 ] ]
[ "ba", "a", "a^-2" ]
[16,13]
[ 0, 2, 2, 2, 2 ]
@
NF
[8,4]
[ 1, 2 ]
[ 2 ]
[ "2A" ]
[ 1, 22 ]
[ 0, 0 ]
[ 0, 0 ]
[ [ 1, 1, 1 ], [ 2, 1, 5 ] ]
[ 19255, 22910, 14493 ]
[ [ 4, 7, 6, 3, 2, 1, 8, 5 ], [ 5, 4, 7, 8, 3, 2, 1, 6 ], [ 3, 8, 1, 6, 7, 4, 5, 2 ] ]
[ "ba", "a^-1", "a^-2" ]
[16,13]
[ 0, 2, 2, 2, 2 ]
@
NF
[8,4]
[ 1, 2 ]
[ 2 ]
[ "2A" ]
[ 1, 23 ]
[ 0, 0 ]
[ 0, 0 ]
[ [ 1, 1, 1 ], [ 2, 1, 5 ] ]
[ 19255, 35385, 14493 ]
[ [ 4, 7, 6, 3, 2, 1, 8, 5 ], [ 8, 1, 2, 7, 4, 5, 6, 3 ], [ 3, 8, 1, 6, 7, 4, 5, 2 ] ]
[ "ba", "a^-2b", "a^-2" ]
[16,13]
[ 0, 2, 2, 2, 2 ]
@
NF
[8,4]
[ 1, 2 ]
[ 2 ]
[ "2A" ]
[ 1, 24 ]
[ 0, 0 ]
[ 0, 0 ]
[ [ 1, 1, 1 ], [ 2, 1, 5 ] ]
[ 19255, 6425, 14493 ]
[ [ 4, 7, 6, 3, 2, 1, 8, 5 ], [ 2, 3, 8, 5, 6, 7, 4, 1 ], [ 3, 8, 1, 6, 7, 4, 5, 2 ] ]
[ "ba", "b", "a^-2" ]
[16,13]
[ 0, 2, 2, 2, 2 ]
@
NF
[2,1]
[ 2 ]
[]
[]
[ 1, 1 ]
[ 0, 0 ]
[ 0, 0 ]
[ [ 2, 1, 1 ], [ 1, 1, 2 ] ]
[ 1, 0, 0, 0 ]
[ [ 2, 1 ], [ 1, 2 ], [ 1, 2 ], [ 1, 2 ] ]
[ "a", "Id(G)", "Id(G)", "Id(G)" ]
[4,2]
[ 0, 2, 2, 2, 2, 2, 0 ]
@
NF
[4,1]
[ 0, 4, 4, 4, 4 ]
[ 3, 3, 4, 4 ]
[ "4A1", "4A1", "4A-1", "4A-1" ]
[ 2, 1 ]
[ 2, 1 ]
[ 2, 1 ]
[ [ 2, 1, 2 ], [ 1, 1, 3 ] ]
[ 9, 9, 18, 18 ]
[ [ 2, 3, 4, 1 ], [ 2, 3, 4, 1 ], [ 4, 1, 2, 3 ], [ 4, 1, 2, 3 ] ]
[ "a", "a", "a^-1", "a^-1" ]
[16,11]
[ 0, 2, 2, 2, 4 ]
@
NF
[12,2]
[ 0, 3, 4, 12 ]
[ 3, 6, 10 ]
[ "3A1", "4A1", "12A-5" ]
[ 1, 1 ]
[ 1, 1 ]
[ 1, 1 ]
[ [ 2, 1, 6 ], [ 1, 1, 7 ] ]
[ 175818816, 395176320, 439084800 ]
[ [ 5, 6, 7, 8, 9, 10, 11, 12, 1, 2, 3, 4 ], [ 10, 11, 12, 1, 2, 3, 4, 5, 6, 7, 8, 9 ], [ 12, 1, 2, 3, 4, 5, 6, 7, 8, 9, 10, 11 ] ]
[ "a^8", "a^3", "a" ]
[48,33]
[ 0, 2, 3, 12 ]
@
NF
[12,2]
[ 0, 3, 4, 12 ]
[ 3, 5, 12 ]
[ "3A1", "4A-1", "12A1" ]
[ 2, 1 ]
[ 2, 1 ]
[ 1, 1 ]
[ [ 2, 1, 6 ], [ 1, 1, 7 ] ]
[ 175818816, 131864130, 219773400 ]
[ [ 5, 6, 7, 8, 9, 10, 11, 12, 1, 2, 3, 4 ], [ 4, 5, 6, 7, 8, 9, 10, 11, 12, 1, 2, 3 ], [ 6, 7, 8, 9, 10, 11, 12, 1, 2, 3, 4, 5 ] ]
[ "a^8", "a^9", "a^7" ]
[48,33]
[ 0, 2, 3, 12 ]
@
NF
[12,2]
[ 0, 3, 4, 12 ]
[ 4, 6, 9 ]
[ "3A-1", "4A1", "12A-1" ]
[ 3, 1 ]
[ 3, 1 ]
[ 1, 1 ]
[ [ 2, 1, 6 ], [ 1, 1, 7 ] ]
[ 351590400, 395176320, 307676880 ]
[ [ 9, 10, 11, 12, 1, 2, 3, 4, 5, 6, 7, 8 ], [ 10, 11, 12, 1, 2, 3, 4, 5, 6, 7, 8, 9 ], [ 8, 9, 10, 11, 12, 1, 2, 3, 4, 5, 6, 7 ] ]
[ "a^4", "a^3", "a^5" ]
[48,33]
[ 0, 2, 3, 12 ]
@
NF
[12,2]
[ 0, 3, 4, 12 ]
[ 4, 5, 11 ]
[ "3A-1", "4A-1", "12A5" ]
[ 4, 1 ]
[ 4, 1 ]
[ 1, 1 ]
[ [ 2, 1, 6 ], [ 1, 1, 7 ] ]
[ 351590400, 131864130, 43954713 ]
[ [ 9, 10, 11, 12, 1, 2, 3, 4, 5, 6, 7, 8 ], [ 4, 5, 6, 7, 8, 9, 10, 11, 12, 1, 2, 3 ], [ 2, 3, 4, 5, 6, 7, 8, 9, 10, 11, 12, 1 ] ]
[ "a^4", "a^9", "a^11" ]
[48,33]
[ 0, 2, 3, 12 ]
@
NF
[21,1]
[ 0, 3, 3, 7 ]
[ 2, 3, 4 ]
[ "3A-1", "3A1", "7A1" ]
[ 1, 1 ]
[ 1, 1 ]
[ 1, 1 ]
[ [ 1, 3, 4 ] ]
[ 2649, 1244, 873 ]
[ [ 4, 6, 1, 3, 5, 7, 2 ], [ 2, 6, 3, 7, 4, 1, 5 ], [ 2, 3, 4, 5, 6, 7, 1 ] ]
[ "b^4a", "b^6a^2", "b^6" ]
[168,42]
[ 0, 2, 3, 7 ]
@
NF
[21,1]
[ 0, 3, 3, 7 ]
[ 2, 3, 5 ]
[ "3A-1", "3A1", "7A-1" ]
[ 2, 1 ]
[ 2, 1 ]
[ 1, 1 ]
[ [ 1, 3, 4 ] ]
[ 2649, 4693, 2610 ]
[ [ 4, 6, 1, 3, 5, 7, 2 ], [ 7, 4, 1, 5, 2, 6, 3 ], [ 4, 5, 6, 7, 1, 2, 3 ] ]
[ "b^4a", "ba^2", "b^4" ]
[168,42]
[ 0, 2, 3, 7 ]
@
NF
[32,11]
[ 0, 2, 4, 8 ]
[ 4, 8, 13 ]
[ "2C", "4B", "8A-1" ]
[ 1, 1 ]
[ 1, 1 ]
[ 1, 1 ]
[ [ 1, 1, 7 ], [ 1, 2, 12 ] ]
[ 23616, 72, 23521 ]
[ [ 5, 6, 7, 8, 1, 2, 3, 4 ], [ 1, 2, 3, 7, 4, 5, 6, 8 ], [ 5, 6, 7, 1, 2, 3, 8, 4 ] ]
[ "a", "cb^-1", "ca" ]
[96,64]
[ 0, 2, 3, 8 ]
@
NF
[32,11]
[ 0, 2, 4, 8 ]
[ 4, 10, 13 ]
[ "2C", "4C1", "8A-1" ]
[ 2, 1 ]
[ 2, 1 ]
[ 1, 1 ]
[ [ 1, 1, 7 ], [ 1, 2, 11 ] ]
[ 23616, 6453, 17674 ]
[ [ 5, 6, 7, 8, 1, 2, 3, 4 ], [ 2, 3, 8, 6, 7, 4, 5, 1 ], [ 4, 5, 6, 2, 3, 8, 1, 7 ] ]
[ "a", "c^-1b^-2", "c^-1b^-1a" ]
[96,64]
[ 0, 2, 3, 8 ]
@
NF
[32,11]
[ 0, 2, 4, 8 ]
[ 4, 7, 14 ]
[ "2C", "4C-1", "8A1" ]
[ 3, 1 ]
[ 3, 1 ]
[ 1, 1 ]
[ [ 1, 1, 7 ], [ 1, 2, 12 ] ]
[ 23616, 32, 23586 ]
[ [ 5, 6, 7, 8, 1, 2, 3, 4 ], [ 1, 2, 3, 5, 6, 7, 4, 8 ], [ 5, 6, 7, 3, 8, 1, 2, 4 ] ]
[ "a", "c^-1b", "c^-1a" ]
[96,64]
[ 0, 2, 3, 8 ]
@
NF
[32,11]
[ 0, 2, 4, 8 ]
[ 4, 11, 14 ]
[ "2C", "4D1", "8A1" ]
[ 4, 1 ]
[ 4, 1 ]
[ 1, 1 ]
[ [ 1, 1, 7 ], [ 1, 2, 11 ] ]
[ 23616, 35373, 29194 ]
[ [ 5, 6, 7, 8, 1, 2, 3, 4 ], [ 8, 1, 2, 6, 7, 4, 5, 3 ], [ 6, 7, 4, 2, 3, 8, 1, 5 ] ]
[ "a", "cb^-2", "cba" ]
[96,64]
[ 0, 2, 3, 8 ]
@
NF
[2,1]
[ 1, 2, 2, 2, 2 ]
[ 2, 2, 2, 2 ]
[ "2A", "2A", "2A", "2A" ]
[ 1, 1 ]
[ 0, 0 ]
[ 0, 0 ]
[ [ 1, 1, 1 ], [ 2, 1, 2 ] ]
[ 1, 0, 1, 1, 1, 1 ]
[ [ 2, 1 ], [ 1, 2 ], [ 2, 1 ], [ 2, 1 ], [ 2, 1 ], [ 2, 1 ] ]
[ "a", "Id(G)", "a", "a", "a", "a" ]
[16,11]
[ 0, 2, 2, 2, 4 ]
@
